1	0	1	2	3	4	5	6	7
2	8	9	10	11	12	13	14	15	16
3	29	30	31	14	32	33	34	35	36
4	37	38	39	40	41	42	43	44	45
5	46	47	48	49	50	51	52	53	54	55
6	56	57	58	59	60	61	62	63	64	65
7	66	67	68	69	70
8	71	72	73	74	75	76
9	77	78	79	80	81	82	83	84	85	86
10	87	88	89	90	91	92	93
11	94	95	96	97	98	99	100	77
12	141	142	143	144	93	94	145	146	147	148
13	149	150	151	152	21	22	153	154	155	156
14	157	158	159	160	161	162	163	164
15	165	166	167	168	169	170	171	172	173
16	174	156	175	176	177	178	179	23	160	161
17	180	181	182	183	18	184	185	186	187	188
18	189	190	191	192	193	194	195
19	111	112	196	197	198	163	199
20	101	200	201	202	203	104	46	204
21	205	206	207	169	170	171	172	173	208
22	209	210	211	212	213	214
23	215	216	217	154	155	218
24	234	158	235	236	224	225	237	238
25	239	240	241	240	239	238	237	227	242
26	156	157	158	224	233	243
27	214	213	244	245	246	209
28	208	173	247	248	249	250	251	252
29	205	253	254	104	200	201	202	203	101
30	284	285	286	287	288	289	290	291	292	293
31	294	295	296	297	298	299	300	301	302
32	303	304	305	306	307	156	308	309	310
33	311	312	313	314	315	316	317	318	319
34	320	321	322	323	324	325	326	327	132	258
35	258	259	328	329	325	330	331	332	333	334
36	335	336	337	338	339	340	314	341	312	311
37	173	247	248	249	250	342	343	344
38	345	164	53	54	346	22	153	154	155
39	173	247	248	249	250	342	343	344	345	164
40	164	165	166	167	168	169	170	171	172	173
41	259	260	130	129	261	262	263	125	124	264
42	265	266	267	268	269	270	271	272	273	274
43	59	58	57	121	142	143	144	275	276	115
44	277	278	112	279	110	280	281
45	107	282	283	104	102	103	101
46	101	102	103	104	105	106	107	108	109	110
47	111	112	113	114	115	116	117	118	119	120
48	121	57	58	59	60	61	62	63	64	65
49	66	67	68	69	70	122	123	124
50	125	126	127	128	129	130	131	132	133
51	209	210	211	212	213	101	104	105	106	107
52	108	109	366	367	368	369	370	371	372	373
53	374	18	19	20	21	22	23	24	25	26
54	375	376	377	378	379	380	381	382	383
55	384	385	386	387	388	389	390	391	392
56	393	394	395	396	389	397	398	399	386	400
57	401	402	403	381	380	404	377	405	177	178
58	179	23	160	161	180	181	182	183	18	184
59	185	186	187	406	407	368	367	366	280	281
60	107	282	283	104	214	213	244	245	246	209
61	408	53	54	198	409	196	112	279	195	194
62	193	192	410	411	412	413	371	372	373	374
63	18	19	20	21	22	23
64	24	25	26	414	415	156	174
65	76	416	417	418	419	265	266
66	267	268	269	270	271	272	273
67	76	416	417	418	419	265	266	267	268	269
68	270	271	272	273	274	59	58	57	56
69	420	55	163	52	421	50	422	423	47	424
70	61	62	63	64	65	66	67	68
71	69	70	71	72	73	74	75	76
72	431	158	224	225	226	227
73	228	229	230	231	232	233
74	216	347	348	349	219	220
75	221	222	223	217	154	432
76	242	222	237	238	239	240	241	240
77	239	238	237	223	217	236	433	154	155
78	434	192	193	194	195	110	366
79	367	368	369	435	436	437	434
80	434	437	438	439	440	407	368
81	367	366	110	195	194	193	192	434
82	177	178	179	23	160	161	180	425	426	150
83	149	427	147	146	428	429	117	118	119	120
84	141	420	55	163	165	166
85	167	168	169	170	171	172	173
86	177	178	442	443	312	313	314	315	316
87	76	444	445	446	447	448	449	115	450	451
88	451	452	115	453	454	455	456	457	458
89	76	339	340	314	341	312	459	460	25	26
90	177	178	442	443	312	313	314	315	316	76
91	444	445	78	79	80	87	88
92	271	272	273	274	59	58	57	141
93	141	57	58	59	60	61	62	63	88	87
94	461	462	463	78	464	457	458	76
95	339	340	314	341	312	459	460	25	26
96	465	28	466	467	468	469	300	301	302	303
97	304	305	306	177	178	179	23	160
98	161	180	181	182	183	18	470	471	472
99	473	474	475	476	477	478	479	388	480	481
100	482	292	483	484	485	486	487	488	489	490
101	491	492	493	494	444	445
102	446	447	495	496	497	498
103	17	499	500	427	455	456	464	457	458	501
104	502	503	504	505	506	507	508	509	510	511
105	482	481	512	397	513
106	514	515	516	517	473	518
107	77	519	520	521	522	523	524	428	429	525
108	526	527	90	89	88	87	528	85
109	84	529	82	461	462	463	78	77
110	530	265	266	267	268	531	532	82
111	86	87	88	271	272	533	534	61
112	61	62	63	88	87	528	82
113	532	531	67	68	69	70	530
114	458	501	502	503	504	505	506	507	508	509
115	510	511	482	481	512	397	513
116	514	515	535	536	537	538	539	540
117	541	542	543	544	545	546	547	477	478	479
118	388	480	481	482	292	483	484	485	486
119	487	488	489	490	491	492	493	494	444
120	548	549	550	551	552	553	554	10	11	14
121	15	555	556	557	558	306
122	307	156	308	309	559	540
123	541	542	560	351	352	156	353	27	561	557
124	562	563	31	14	34	564
125	565	566	567	568	569	570	7
126	571	551	552	553	554	10	11	12	13	14
127	15	555	556	557	558	306	307
128	156	572	573	574	575	539	540
129	580	3	4	581	5	6	548	549	550	551
130	552	553	554	10	11	12	13	14	15	555
131	556	557	558	306	307	156
132	572	573	574	575	539	540
133	474	475	476	477	582	583	584	585	586	587
134	588	589	590	591	592	593	594	595
135	596	597	598	599	600	601	602	603
136	603	604	605	606	607	608	597	609	610	611
137	593	612	613	614	615	616	617
138	618	619	620	621	622	515	516	517
139	623	624	153	154	155	156	308	309	559
140	540	625	626	627	628	629	630	631	632	633
141	307	156	308	309	559	540	625
142	626	627	628	629	630	631	632	633
143	209	210	211	212	213	101	104	105	106	107
144	108	109	366	367	368	369	370	371	372	373
145	374	18	19	20	21	22	23	24	25	26
146	350	638	639	640	641	642	643	644	645	646
147	647	648	595	596	597
148	598	599	600	601	602	603
149	603	604	605	606	607	608	597	609	610	649
150	647	646	650	651	652
151	642	641	640	639	653	310
152	654	655	656	657	658	609	610	659	660	298
153	299	613	614	615	616	617
154	661	662	663	664	574	575	539
155	576	577	574	665	663	666	667	587	588	589
156	590	591	354	355	660	659
157	595	596	668	669	670	671	654
158	576	577	574	665	663	666	667	587	588	589
159	590	591	354	355	660	659	595	596
160	668	669	670	671	314	315	316	76
161	76	339	340	314	655	656	657	658	609	610
162	659	660	298	299	613	614	615	616
163	617	661	662	663	664	574	575	539
164	672	673	674	675	676	677	678	33	34	564
165	679	680	681	682	683	684	685
166	686	323	687	688	264	71	530
167	530	122	123	689	687	331	332	333	685	684
168	690	691	692	693	694	10	11
169	12	695	696	676	675	674	697	698
170	672	673	674	675	676	677	700	701	659	702
171	703	557	558	306	307	156	572	573
172	574	704	705	706	707	699	708	709	710
173	307	156	572	573	574	711	704
174	705	706	707	699	708	709	710
175	712	713	339	340	314	341	312	459	460	25
176	26	714	715	716	717	718	719	720
177	721	354	355	356	357	358	722	723	724
178	724	725	726	295	296	297	298	299	727	728
179	729	730	731	732	733	734	735	177	178	442
180	443	312	313	314	315
181	316	736	737	738	739	712
182	740	741	742	743	744
183	263	125	124	264	71	530
184	530	122	123	124	125
185	745	746	743	747	748	740
186	530	265	749	750	751	752	753	754	755	756
187	757	758	124	125	745	746	743	747	748	740
188	740	741	742	743	744	263	125	124	758	759
189	752	753	754	755	756
190	757	759	750	70	71	530
191	770	588	589	383	384	385	386	387	388	389
192	390	391	771	769	772	773	361	774	364	365
193	284	775	776	777	767	778	779	780	565	566
194	567	568	569	570	578	39	40	762	763
195	764	765	781	782	128	129	130	131	132	133
196	770	588	589	383	384	385	386	387	388	389
197	390	391	771	769	772	773	361	774	364	365
198	284	775	776	777	767	778	779	780	554	35
199	36	37	38	39	40	762	763	783
200	784	785	786	787	255	256	257	135	134
201	134	135	136	137	138	139	140	788	789	581
202	5	6	548	549	550	551	552	790	791	792
203	779	780	554	10	11	12	13	14	15	609
204	610	649	647	646	732	733
205	793	794	795	308	309	796	797
206	797	798	351	352	799	405	715	716	645	646
207	647	648	595	596	31	14	32	33	34	564
208	565	766	800	801	791	790	567	568	569	570
209	578	39	40	579	789	802
210	140	139	255	256	257	135	134
211	76	416	417	418	419	265	266	267	268	269
212	270	271	272	273	274	59	58	57	56	420
213	55	163	52	421	50	422
214	423	47	254	104	215	806
215	806	243	104	46	47	48	49	50	51	52
216	53	54	55	56	57	58	59	60	61	62
217	63	64	65	66	67	68	69
218	70	71	72	73	74	75	76
219	173	247	248	249	342	343	344	345	421	50
220	49	50	51	53	54	55	441	430	58	59
221	60	61	62	63	88	87	461
222	462	463	78	464	457	458	76
223	571	570	578	807	808	809	681	810	811	812
224	813	814	504	815	816	817	818	819	820
225	821	822	823	824	825	826	25	307	827
226	827	353	178	828	825	824	829	830	831	832
227	833	834	835	836	837	838	839	840	814	841
228	842	811	843	844	845	846	807	548	549	571
229	451	452	115	453	454	455	456	457	458	76
230	847	848	849	850	851	852	853	854	855	504
231	815	816	817	818	819	824	825	826	25	307
232	353	178	828	825	824	833	834	835	836
233	837	490	856	857	858	859	860	861	862	863
234	394	395	396	389	397	398	399	386	400
235	401	402	403	381	380	404	377	405	177
236	258	259	260	130	129	261	262	263
237	125	124	264	71	72	73	74	75	76
238	76	339	340	314	341	312	459	460	25	26
239	714	715	716	717	718	719	720	721
240	354	355	356	357	358	722	723	697
241	673	725	726	295	296	297	298	299	727	728
242	729	730	731	732	733	734	735	177
243	178	442	443	312	313	314	315	316	76
244	760	318	502	761	334	685	684	855
245	504	505	506	507	508	509	510	511
246	864	865	866	867	868	869	870
247	871	872	873	874	674	697	698
248	672	673	674	875	876	872	877
249	870	869	878	867	866	879	864
250	880	881	882	883	884	885	886	887	888	889
251	866	867	868	869	870	871
252	872	873	874	674	697	698
253	672	673	674	875	876	872	877	870	869	878
254	867	866	890	888	887	886
255	885	884	891	882	881	880
256	284	775	768	892	893	894	895	873	896	897
257	898	899	900	901	902	558	306
258	26	375	376	377	378	805	804	803
259	284	775	768	892	893	894	895	873	896	897
260	898	899	900	901	902	558	306	307	156	572
261	917	904	918	903	666	667	803	919	916	920
262	921	922	923	924	925	926	927	915	928
263	929	930	911	931	932	907	933	934	905
264	633	634	635	636	637	935	936	937	912
265	913	938	939	940	941	582	583	584	585	586
266	618	619	620	621	622	942	943	944	945
267	929	930	946	947	948	949	630	631	632	633
268	919	916	950	951	952	953	954	955	956	914
269	915	957	937	911	931	932	907	933	934	905
270	905	906	907	908	909	910	911	946	957	915
271	928	956	958	959	960	961	962	963	916	770
272	672	673	359	293	360	361	362
273	288	363	964	965	966	967	968	969
274	970	968	971	966	972	964	287	288
275	289	290	291	292	293	294	697	698
276	317	318	319	320	321	322
277	323	324	325	326	327	132	258
278	973	53	54	974	57	58	59	60	61	62
279	63	64	65	66	67	68	69
280	70	122	123	124	125	126	127	975
281	976	262	263	125	124	264	265	266	267	268
282	269	270	271	272	273	274
283	59	58	57	974	163	973
284	198	409	196	113	114	115	116	117	118	119
285	120	974	57	58	59	60	61	62	63	64
286	65	66	67	68	69	70
287	122	123	124	125	126	127	975
288	976	262	263	125	124	264	265	266	267	268
289	269	270	271	272	273	274	59	58	57	974
290	142	143	144	275	276
291	115	277	278	196	197	198
292	979	1	2	3	4	5	6	7	8	9
293	10	11	12	13	14	15	609	610
294	611	593	612	613	614	980	981	982
295	352	983	984	405	985	29
296	158	986	318	319	987	975
297	847	848	849	850	851	852	853	854	855	504
298	815	608	597	609	610	611
299	593	612	613	614	980	981	982
300	977	978	589	590	591	592	593	594	595	596
301	597	598	837	838	856	857
302	858	859	860	861	862	863
