0 10.900394 59.963207 228922 0.0
1 10.895398 59.96037 228905 1.0
2 10.885373 59.95988 197004 0.0
3 10.8724 59.957573 131866 1.0
4 10.86793 59.95446 106172 1.0
5 10.854751 59.949245 216662 0.0
6 10.844293 59.945415 228762 0.0
7 10.835654 59.944187 167927 1.0
8 10.829419 59.943237 228765 0.0
9 10.817508 59.944206 228796 0.0
10 10.807739 59.94263 13893 0.0
11 10.79795 59.940895 106182 0.0
12 10.78578 59.938187 3330 0.0
13 10.7823305 59.93667 270902 1.0
14 10.778204 59.93034 235772 1.0
15 10.776766 59.92692 272599 0.0
16 10.758961 59.911293 6537 1.0
17 10.787026 59.89545 254341 0.0
18 10.773579 59.900307 4410 0.0
19 10.779874 59.900368 4394 0.0
20 10.786477 59.90102 4359 1.0
21 10.789516 59.901936 261701 1.0
22 10.777816 59.9034 302112 0.0
23 10.767861 59.90612 9682 0.0
24 10.768011 59.90843 9701 0.0
25 10.759882 59.911045 192330 0.0
26 10.751615 59.912273 192257 1.0
27 10.753129 59.9144 53658 1.0
28 10.750458 59.94976 163133 1.0
29 10.759409 59.91123 311564 0.0
30 10.7719345 59.923107 168722 1.0
31 10.776526 59.926624 272599 1.0
32 10.782226 59.93617 3313 0.0
33 10.78631 59.938038 3319 1.0
34 10.796975 59.940514 66887 1.0
35 10.810812 59.942616 41235 1.0
36 10.817573 59.944107 113154 1.0
37 10.828601 59.943054 113185 0.0
38 10.83571 59.943836 39391 0.0
39 10.845971 59.94568 167907 1.0
40 10.860859 59.950954 140389 0.0
41 10.868296 59.954563 181856 1.0
42 10.874607 59.9582 131933 1.0
43 10.886204 59.95974 68882 0.0
44 10.89618 59.960777 228804 0.0
45 10.901429 59.963696 228939 1.0
46 10.803412 59.84626 12829 1.0
47 10.810433 59.847717 295144 0.0
48 10.813171 59.849968 295092 1.0
49 10.814607 59.84887 33836 0.0
50 10.816404 59.848724 33798 1.0
51 10.824375 59.84938 206632 1.0
52 10.829379 59.84923 206830 1.0
53 10.835666 59.8499 31109 0.0
54 10.836034 59.84951 257844 1.0
55 10.832018 59.863544 186149 0.0
56 10.839909 59.867096 7571 0.0
57 10.844146 59.86738 44862 1.0
58 10.847313 59.87049 131946 1.0
59 10.841952 59.87519 136353 1.0
60 10.83984 59.88025 136376 0.0
61 10.844263 59.883648 268748 0.0
62 10.852508 59.888924 168970 0.0
63 10.854807 59.89155 168964 1.0
64 10.854342 59.89613 293961 0.0
65 10.852489 59.897766 135862 0.0
66 10.851693 59.899715 135848 1.0
67 10.851191 59.903667 169001 1.0
68 10.851184 59.9055 45318 0.0
69 10.849065 59.91024 186752 0.0
70 10.846408 59.911446 168846 0.0
71 10.841816 59.913284 223692 0.0
72 10.836962 59.911274 223659 0.0
73 10.829462 59.91089 12441 0.0
74 10.82194 59.912975 187637 0.0
75 10.813971 59.912685 187551 0.0
76 10.801207 59.91249 243727 0.0
77 10.821962 59.90357 267987 1.0
78 10.825317 59.901867 88555 0.0
79 10.832302 59.899246 323845 0.0
80 10.836598 59.90055 186627 1.0
81 10.838333 59.897633 16659 0.0
82 10.840904 59.89912 169141 0.0
83 10.841031 59.90199 169136 0.0
84 10.847365 59.901474 169162 1.0
85 10.84571 59.897366 169187 0.0
86 10.841119 59.895348 16747 1.0
87 10.840521 59.893066 265549 1.0
88 10.848814 59.892483 139974 1.0
89 10.84929 59.889683 140104 1.0
90 10.843331 59.888756 185873 0.0
91 10.836343 59.88843 185854 0.0
92 10.8336735 59.881832 169067 1.0
93 10.825738 59.880226 321716 1.0
94 10.817636 59.884884 136320 0.0
95 10.814739 59.88822 137041 1.0
96 10.818686 59.889313 137031 1.0
97 10.821882 59.891624 137009 0.0
98 10.820733 59.89467 136984 0.0
99 10.817219 59.895844 136968 0.0
100 10.814393 59.896942 186916 0.0
101 10.796556 59.83498 38071 0.0
102 10.79373 59.841373 179625 1.0
103 10.794895 59.840374 202774 1.0
104 10.802422 59.84414 202202 1.0
105 10.803425 59.846436 12829 0.0
106 10.804171 59.849136 133142 0.0
107 10.799204 59.851322 243011 1.0
108 10.802099 59.85413 246705 1.0
109 10.8015 59.857647 169287 0.0
110 10.802769 59.860733 168748 0.0
111 10.811162 59.860344 192457 0.0
112 10.81527 59.86113 192436 1.0
113 10.814392 59.865685 85975 0.0
114 10.813411 59.867958 85964 0.0
115 10.812335 59.873425 197778 1.0
116 10.815903 59.875225 242743 1.0
117 10.826365 59.8796 321723 1.0
118 10.828348 59.875916 167265 1.0
119 10.829505 59.873917 7788 0.0
120 10.835128 59.869675 7826 1.0
121 10.839853 59.866917 7569 1.0
122 10.845667 59.914314 12287 1.0
123 10.849096 59.91646 236496 1.0
124 10.851438 59.918594 12293 0.0
125 10.854946 59.92191 12311 1.0
126 10.860629 59.925663 171917 0.0
127 10.865295 59.927998 50276 1.0
128 10.870166 59.929783 232699 0.0
129 10.875857 59.930904 16327 0.0
130 10.880949 59.932888 205468 1.0
131 10.88447 59.93476 171886 1.0
132 10.8921 59.937027 2252 1.0
133 10.897897 59.941223 261524 1.0
134 10.902554 59.941948 240584 1.0
135 10.8996935 59.944836 17791 1.0
136 10.895827 59.94902 17865 1.0
137 10.889527 59.949574 84030 0.0
138 10.886293 59.951042 87228 1.0
139 10.88605 59.95329 129695 0.0
140 10.880568 59.954155 167949 0.0
141 10.839766 59.866596 7568 0.0
142 10.836511 59.869083 7832 1.0
143 10.829791 59.873634 7790 0.0
144 10.82825 59.87649 167261 0.0
145 10.813861 59.888462 88585 1.0
146 10.809732 59.891224 88572 1.0
147 10.805942 59.894417 7761 0.0
148 10.802766 59.895847 101165 1.0
149 10.80261 59.897537 68973 1.0
150 10.80338 59.899895 5557 1.0
151 10.803274 59.904312 6917 0.0
152 10.797032 59.902466 261696 1.0
153 10.766765 59.90588 11354 0.0
154 10.757139 59.908115 275857 0.0
155 10.750188 59.9093 239436 0.0
156 10.732201 59.911835 259449 1.0
157 10.750341 59.909264 239417 1.0
158 10.75677 59.90802 244104 0.0
159 10.7632 59.906467 250458 1.0
160 10.769678 59.905197 46893 1.0
161 10.778474 59.903343 302113 1.0
162 10.804466 59.895424 34793 1.0
163 10.832983 59.850315 56190 1.0
164 10.829246 59.84938 206832 0.0
165 10.828667 59.84652 123912 0.0
166 10.829924 59.843925 123901 0.0
167 10.831608 59.841564 123885 1.0
168 10.834773 59.836266 30841 0.0
169 10.837992 59.834515 202110 0.0
170 10.837053 59.83012 186296 0.0
171 10.835557 59.825718 186331 0.0
172 10.835776 59.823624 202066 1.0
173 10.839785 59.821316 202104 1.0
174 10.731284 59.912918 192345 1.0
175 10.743142 59.909634 152650 0.0
176 10.74592 59.912495 53697 0.0
177 10.751561 59.912117 52732 0.0
178 10.758889 59.9112 192331 1.0
179 10.767884 59.9082 9699 0.0
180 10.78825 59.90195 302131 0.0
181 10.78608 59.90088 4361 1.0
182 10.7823925 59.900932 4383 0.0
183 10.779117 59.900417 4395 1.0
184 10.775545 59.89776 214654 1.0
185 10.780571 59.8913 312442 0.0
186 10.784684 59.88595 132990 1.0
187 10.787123 59.88122 132976 0.0
188 10.789866 59.879677 28028 1.0
189 10.796611 59.879856 28058 0.0
190 10.800455 59.8799 28071 0.0
191 10.805431 59.87478 85368 1.0
192 10.807086 59.871323 37760 1.0
193 10.807866 59.86913 37756 0.0
194 10.809283 59.865814 37748 1.0
195 10.809343 59.864223 37744 0.0
196 10.819986 59.861458 223579 0.0
197 10.823392 59.86204 223565 0.0
198 10.827322 59.86232 223555 0.0
199 10.829519 59.849075 206829 1.0
200 10.794515 59.83748 201952 0.0
201 10.789497 59.837128 201990 1.0
202 10.786774 59.838036 179192 1.0
203 10.790303 59.837025 201986 1.0
204 10.819129 59.84392 202326 1.0
205 10.813094 59.843018 202179 0.0
206 10.828007 59.840412 202279 0.0
207 10.834764 59.836586 202361 0.0
208 10.8398285 59.81796 122884 0.0
209 10.7827425 59.82648 193651 0.0
210 10.779794 59.827473 176345 0.0
211 10.7810955 59.82915 176378 0.0
212 10.787644 59.830868 193554 0.0
213 10.792905 59.830006 193507 1.0
214 10.796914 59.834957 38071 1.0
215 10.795064 59.84232 12674 1.0
216 10.779305 59.840702 181155 0.0
217 10.758619 59.894356 242213 1.0
218 10.730039 59.91232 192320 0.0
219 10.7857485 59.85995 189406 0.0
220 10.783727 59.866013 276098 0.0
221 10.779327 59.87325 192690 0.0
222 10.773558 59.88074 194645 0.0
223 10.769117 59.884453 275899 1.0
224 10.7584305 59.89419 242198 1.0
225 10.769344 59.88404 207193 0.0
226 10.772303 59.88158 194655 1.0
227 10.779175 59.8733 276201 0.0
228 10.783127 59.86714 276210 0.0
229 10.7850275 59.86153 276075 0.0
230 10.784486 59.855495 194553 0.0
231 10.781602 59.85155 194520 1.0
232 10.778834 59.848248 194481 0.0
233 10.778137 59.840652 184790 1.0
234 10.749933 59.90977 287516 0.0
235 10.758617 59.903862 315244 1.0
236 10.75602 59.89552 242122 0.0
237 10.770217 59.881702 242694 1.0
238 10.765358 59.880054 26102 1.0
239 10.76419 59.878384 186437 1.0
240 10.759924 59.874622 186460 0.0
241 10.757987 59.8733 242700 0.0
242 10.773024 59.8703 242701 1.0
243 10.79485 59.842148 181094 1.0
244 10.789374 59.830654 193543 0.0
245 10.781961 59.82997 176394 0.0
246 10.77936 59.827724 176348 0.0
247 10.835443 59.824234 202061 0.0
248 10.835713 59.826233 186328 0.0
249 10.837557 59.83106 202048 0.0
250 10.838272 59.834244 202114 1.0
251 10.835602 59.836212 186339 1.0
252 10.829481 59.839725 202269 0.0
253 10.819067 59.84401 201934 0.0
254 10.803408 59.846233 12831 0.0
255 10.88622 59.95134 87225 1.0
256 10.890349 59.94966 84035 0.0
257 10.896795 59.94796 17850 1.0
258 10.89699 59.941223 41541 1.0
259 10.892826 59.93735 2284 1.0
260 10.88683 59.935204 129658 0.0
261 10.869842 59.929726 232699 1.0
262 10.865494 59.92808 50278 0.0
263 10.858291 59.924496 12322 0.0
264 10.847578 59.915375 12284 1.0
265 10.8442335 59.913006 223883 1.0
266 10.84789 59.910618 186743 0.0
267 10.851183 59.90466 45320 0.0
268 10.851325 59.90116 169013 1.0
269 10.852409 59.897892 135860 1.0
270 10.854144 59.89625 293959 1.0
271 10.855157 59.89195 168963 0.0
272 10.85201 59.88836 168973 0.0
273 10.843286 59.883377 187076 0.0
274 10.839864 59.880486 136376 1.0
275 10.824954 59.879704 321828 0.0
276 10.81607 59.875305 242743 0.0
277 10.813299 59.868458 85956 0.0
278 10.814839 59.865036 85977 1.0
279 10.811332 59.860355 192455 1.0
280 10.801635 59.858154 169291 0.0
281 10.801232 59.85334 246701 0.0
282 10.803162 59.849327 169265 0.0
283 10.803322 59.846027 12835 0.0
284 10.782078 59.965748 282263 1.0
285 10.775868 59.966366 282227 0.0
286 10.774456 59.969196 14255 1.0
287 10.766525 59.966976 212816 0.0
288 10.766559 59.964985 212810 1.0
289 10.765958 59.962852 212796 0.0
290 10.76423 59.95947 133109 0.0
291 10.760859 59.95428 73333 0.0
292 10.760925 59.952736 281003 1.0
293 10.760942 59.950848 119489 1.0
294 10.760159 59.94742 133130 1.0
295 10.760236 59.945812 27691 1.0
296 10.759716 59.94288 1100 0.0
297 10.758997 59.93956 27697 1.0
298 10.759489 59.937435 1309 0.0
299 10.750854 59.937572 46494 1.0
300 10.749511 59.933846 139864 1.0
301 10.748893 59.93045 139839 0.0
302 10.749444 59.928738 139844 0.0
303 10.75047 59.924652 154029 0.0
304 10.751444 59.92062 262443 1.0
305 10.755306 59.917 54034 1.0
306 10.753125 59.91456 53666 0.0
307 10.749905 59.911564 52670 1.0
308 10.727669 59.91247 269820 1.0
309 10.723223 59.910763 330495 1.0
310 10.722113 59.90962 98262 1.0
311 10.760267 59.9116 250111 1.0
312 10.769404 59.908348 168048 0.0
313 10.772388 59.907494 243553 0.0
314 10.782042 59.907845 247497 0.0
315 10.787346 59.90887 247508 1.0
316 10.791375 59.910065 247523 0.0
317 10.801118 59.9129 289232 1.0
318 10.81024 59.917 301030 0.0
319 10.815928 59.918617 30537 1.0
320 10.825292 59.920944 223488 1.0
321 10.832497 59.923313 168833 0.0
322 10.842686 59.924515 6348 1.0
323 10.84629 59.927235 6329 1.0
324 10.855803 59.930912 215997 0.0
325 10.858921 59.93169 216005 1.0
326 10.871016 59.934666 6280 0.0
327 10.880674 59.936813 183929 0.0
328 10.88087 59.936867 183929 1.0
329 10.871758 59.934845 290036 0.0
330 10.856909 59.931236 216000 0.0
331 10.847176 59.92803 6333 1.0
332 10.843796 59.925583 6321 1.0
333 10.834685 59.924015 283722 1.0
334 10.825717 59.924477 37964 1.0
335 10.816423 59.922764 226308 1.0
336 10.816817 59.91898 289138 0.0
337 10.812075 59.91773 289142 1.0
338 10.800241 59.913055 12103 1.0
339 10.7907 59.909855 247519 1.0
340 10.786994 59.908806 247508 0.0
341 10.773002 59.907604 3722 0.0
342 10.833901 59.836655 30850 1.0
343 10.831312 59.842213 123892 0.0
344 10.829512 59.844555 123905 0.0
345 10.828602 59.847507 123986 0.0
346 10.804693 59.89624 34423 0.0
347 10.77868 59.84817 194481 1.0
348 10.781817 59.850315 194511 0.0
349 10.784383 59.85515 194554 1.0
350 10.722317 59.90976 279311 1.0
351 10.721977 59.910824 330493 0.0
352 10.727124 59.91221 269819 1.0
353 10.750172 59.9115 52674 1.0
354 10.751246 59.9376 46494 0.0
355 10.757678 59.937428 1309 1.0
356 10.759548 59.938683 105688 1.0
357 10.759577 59.942226 1096 0.0
358 10.760186 59.945595 27688 1.0
359 10.759945 59.947803 119463 1.0
360 10.760819 59.95388 263815 1.0
361 10.764089 59.95907 168067 1.0
362 10.765373 59.961964 212784 1.0
363 10.7665205 59.96718 212817 0.0
364 10.773895 59.966812 73488 1.0
365 10.777636 59.965866 282220 0.0
366 10.799893 59.86154 88488 1.0
367 10.796184 59.865192 88495 0.0
368 10.793791 59.86699 88498 1.0
369 10.791255 59.87022 88511 1.0
370 10.789543 59.87535 246689 1.0
371 10.787213 59.88082 132973 0.0
372 10.785247 59.885223 132989 0.0
373 10.780741 59.891083 312438 1.0
374 10.775757 59.89748 214653 1.0
375 10.743835 59.913616 74193 0.0
376 10.740983 59.914627 22589 0.0
377 10.734547 59.9187 68538 1.0
378 10.733232 59.92084 276703 0.0
379 10.731711 59.923347 311767 1.0
380 10.731089 59.925983 1470 1.0
381 10.733032 59.929573 1481 0.0
382 10.734076 59.932713 84858 1.0
383 10.7321205 59.93628 8773 1.0
384 10.730296 59.93806 8786 1.0
385 10.729775 59.940926 120908 1.0
386 10.731696 59.94467 120931 0.0
387 10.732395 59.94841 137879 1.0
388 10.731875 59.94982 168087 0.0
389 10.728915 59.951057 27801 1.0
390 10.728791 59.954056 191203 0.0
391 10.732803 59.95758 191178 0.0
392 10.734261 59.964134 191134 1.0
393 10.734232 59.963886 191132 1.0
394 10.734625 59.960915 191148 1.0
395 10.732803 59.95779 191176 1.0
396 10.728218 59.95379 191204 1.0
397 10.73017 59.94942 241652 0.0
398 10.72201 59.94748 50993 1.0
399 10.732268 59.94839 158687 1.0
400 10.729643 59.940926 8766 0.0
401 10.730174 59.937798 37172 1.0
402 10.731938 59.936165 37184 1.0
403 10.734616 59.932743 8750 0.0
404 10.731487 59.923744 311771 0.0
405 10.739668 59.917015 4823 0.0
406 10.789627 59.87522 246686 1.0
407 10.791158 59.870373 88512 1.0
408 10.828833 59.849792 32015 0.0
409 10.823587 59.862053 223564 0.0
410 10.805204 59.875156 85371 1.0
411 10.80177 59.87957 28079 1.0
412 10.796391 59.879833 28056 1.0
413 10.791 59.879646 28037 0.0
414 10.743962 59.912273 53624 1.0
415 10.741872 59.910175 53687 1.0
416 10.818264 59.912617 12177 0.0
417 10.824362 59.912857 223750 0.0
418 10.831544 59.91049 12447 1.0
419 10.836694 59.911083 223672 1.0
420 10.836202 59.863316 323480 0.0
421 10.825453 59.84979 206629 0.0
422 10.8146105 59.84878 33833 1.0
423 10.812523 59.850105 295098 0.0
424 10.803202 59.845768 12836 0.0
425 10.795328 59.902264 261690 1.0
426 10.802721 59.903603 5536 1.0
427 10.803088 59.895664 304027 0.0
428 10.814524 59.8879 136295 1.0
429 10.818783 59.884235 136324 1.0
430 10.839718 59.86641 7567 0.0
431 10.75896 59.91137 250542 0.0
432 10.759401 59.9113 116287 1.0
433 10.759308 59.90377 315244 0.0
434 10.810387 59.873493 33089 1.0
435 10.795845 59.87088 33462 1.0
436 10.800778 59.872334 33446 1.0
437 10.805825 59.87164 33434 0.0
438 10.801212 59.87248 33441 1.0
439 10.797843 59.871307 33456 1.0
440 10.794888 59.870964 33466 1.0
441 10.837095 59.86382 248795 1.0
442 10.764221 59.91242 231048 0.0
443 10.767786 59.91033 243542 0.0
444 10.814037 59.90943 168612 1.0
445 10.819277 59.907066 243800 0.0
446 10.813949 59.89836 216454 1.0
447 10.805467 59.89534 275722 1.0
448 10.800661 59.88641 219934 0.0
449 10.805472 59.87967 243571 0.0
450 10.814891 59.868732 136458 0.0
451 10.821754 59.866356 243560 0.0
452 10.814901 59.86946 136453 1.0
453 10.805731 59.8797 243571 1.0
454 10.799715 59.886387 219932 0.0
455 10.806017 59.895275 275735 0.0
456 10.813324 59.897923 275699 0.0
457 10.819402 59.906895 243800 1.0
458 10.813451 59.909916 168608 1.0
459 10.767907 59.910168 243543 0.0
460 10.764779 59.912296 231048 1.0
461 10.837891 59.897842 323842 1.0
462 10.836049 59.900562 186625 1.0
463 10.832074 59.899 243949 1.0
464 10.821722 59.905037 7298 1.0
465 10.750703 59.95207 163108 1.0
466 10.749474 59.947247 163138 1.0
467 10.748294 59.94414 163127 1.0
468 10.750135 59.940456 27532 0.0
469 10.749917 59.93789 27538 1.0
470 10.776333 59.89812 5736 0.0
471 10.781184 59.897545 5749 0.0
472 10.786425 59.895344 5424 1.0
473 10.647448 59.924973 264981 0.0
474 10.659619 59.928898 264959 0.0
475 10.668685 59.93174 264970 1.0
476 10.6758375 59.934834 264975 1.0
477 10.682441 59.93736 310341 0.0
478 10.703769 59.944576 51304 0.0
479 10.715793 59.945564 264546 1.0
480 10.74439 59.95195 163080 1.0
481 10.75137 59.952778 163086 0.0
482 10.757188 59.95325 163097 1.0
483 10.769706 59.952827 263987 1.0
484 10.775415 59.9512 263996 1.0
485 10.778933 59.945778 4268 1.0
486 10.781448 59.94092 76151 0.0
487 10.785951 59.936924 237177 1.0
488 10.792464 59.934494 237145 1.0
489 10.800267 59.93191 237167 0.0
490 10.806797 59.92836 197752 1.0
491 10.80516 59.923077 226867 0.0
492 10.808485 59.91895 918 0.0
493 10.812114 59.91687 236372 1.0
494 10.815817 59.9115 187751 1.0
495 10.801992 59.895588 5673 1.0
496 10.797224 59.89747 5653 1.0
497 10.793161 59.897583 5637 1.0
498 10.787547 59.89583 5624 1.0
499 10.791996 59.897217 5637 0.0
500 10.797779 59.89728 5656 0.0
501 10.815873 59.912086 77091 0.0
502 10.810451 59.917744 236358 1.0
503 10.8092165 59.924423 90381 0.0
504 10.806993 59.928368 197761 0.0
505 10.797614 59.932915 240682 0.0
506 10.792591 59.934547 240690 0.0
507 10.786368 59.937084 237180 0.0
508 10.781479 59.94132 264013 0.0
509 10.779232 59.945805 264043 1.0
510 10.774778 59.951515 76127 0.0
511 10.769523 59.952988 76133 0.0
512 10.743359 59.951862 163078 1.0
513 10.712216 59.9462 51338 1.0
514 10.700404 59.94373 51379 0.0
515 10.681893 59.937187 330474 0.0
516 10.665632 59.930523 76193 1.0
517 10.659254 59.92891 264947 0.0
518 10.64351 59.923687 28418 1.0
519 10.810447 59.89922 139773 1.0
520 10.813669 59.89674 186937 0.0
521 10.818633 59.89551 136971 0.0
522 10.821085 59.89438 136987 1.0
523 10.821843 59.891872 137006 0.0
524 10.818051 59.889145 137034 1.0
525 10.826615 59.88004 267732 0.0
526 10.834075 59.882088 169065 0.0
527 10.836224 59.888382 185852 1.0
528 10.841516 59.895767 16752 1.0
529 10.841158 59.902084 169137 0.0
530 10.84246 59.91388 268795 1.0
531 10.846863 59.900124 186712 1.0
532 10.841991 59.900852 186737 0.0
533 10.844283 59.882957 268070 1.0
534 10.845865 59.8835 159129 1.0
535 10.678676 59.934418 269322 0.0
536 10.676041 59.930176 127942 1.0
537 10.675326 59.927887 227779 1.0
538 10.675345 59.925167 227758 0.0
539 10.679014 59.92231 97135 1.0
540 10.661966 59.917973 156315 0.0
541 10.651338 59.915646 227128 0.0
542 10.666503 59.918488 227145 1.0
543 10.678632 59.922813 236070 1.0
544 10.6752615 59.92542 227758 1.0
545 10.675324 59.92768 227778 0.0
546 10.675819 59.93054 127946 0.0
547 10.679185 59.934486 269325 0.0
548 10.835929 59.94448 130028 0.0
549 10.832346 59.94441 130022 1.0
550 10.828597 59.946 130002 0.0
551 10.822672 59.947285 15209 0.0
552 10.817592 59.94723 15184 1.0
553 10.809821 59.945934 161681 0.0
554 10.80803 59.944298 14647 0.0
555 10.771752 59.922997 168723 1.0
556 10.768295 59.920532 70703 1.0
557 10.7609005 59.91839 111410 0.0
558 10.757256 59.91641 52752 1.0
559 10.675282 59.921284 19587 0.0
560 10.676595 59.920513 115804 0.0
561 10.7575445 59.916378 262486 1.0
562 10.768539 59.92066 70701 1.0
563 10.771955 59.923096 168722 1.0
564 10.80852 59.94229 66897 0.0
565 10.808732 59.945316 165700 1.0
566 10.811908 59.9462 161687 0.0
567 10.817751 59.9472 15186 0.0
568 10.822386 59.947285 15207 1.0
569 10.828284 59.946068 130000 0.0
570 10.831883 59.94441 130020 1.0
571 10.828308 59.946262 76537 0.0
572 10.718995 59.914856 271912 1.0
573 10.707221 59.9178 272259 0.0
574 10.697904 59.91925 109051 1.0
575 10.687934 59.92175 271779 0.0
576 10.680713 59.922104 272400 1.0
577 10.68741 59.92195 271779 1.0
578 10.836738 59.943787 135304 1.0
579 10.865481 59.95134 39456 1.0
580 10.882983 59.96103 272582 0.0
581 10.864845 59.951576 39485 0.0
582 10.6869 59.93666 326317 0.0
583 10.691793 59.935448 326320 1.0
584 10.697727 59.934464 102946 0.0
585 10.704376 59.932602 4234 1.0
586 10.713124 59.92985 308389 1.0
587 10.717214 59.92947 1204 0.0
588 10.724418 59.932384 213107 0.0
589 10.730331 59.935184 273654 0.0
590 10.736395 59.93583 330583 0.0
591 10.741404 59.935284 330585 0.0
592 10.750705 59.934082 9030 0.0
593 10.758429 59.93294 11525 1.0
594 10.763195 59.9317 77971 0.0
595 10.769414 59.929176 273210 0.0
596 10.7751 59.926525 273224 0.0
597 10.777441 59.925976 76358 0.0
598 10.788669 59.924564 164705 1.0
599 10.792503 59.9232 108294 1.0
600 10.79392 59.919827 108238 1.0
601 10.800322 59.917164 99225 1.0
602 10.800635 59.913776 289146 1.0
603 10.80059 59.912613 243731 1.0
604 10.80078 59.914665 243526 0.0
605 10.798985 59.91788 99238 0.0
606 10.794062 59.919838 108219 0.0
607 10.792535 59.923336 108274 0.0
608 10.787228 59.92461 164700 1.0
609 10.775084 59.926632 108314 1.0
610 10.769561 59.929188 49888 0.0
611 10.763449 59.931637 77971 1.0
612 10.748684 59.934704 247571 1.0
613 10.7432575 59.935204 843 0.0
614 10.73527 59.936077 848 1.0
615 10.72823 59.934387 213220 1.0
616 10.723892 59.932228 213237 0.0
617 10.717117 59.929543 330614 1.0
618 10.71407 59.929432 326547 0.0
619 10.704642 59.93259 4248 0.0
620 10.696725 59.934704 4206 1.0
621 10.690313 59.935905 4220 1.0
622 10.68519 59.93718 330468 1.0
623 10.786268 59.904312 61916 1.0
624 10.774862 59.90629 11383 0.0
625 10.642842 59.94705 168539 0.0
626 10.644501 59.95023 175290 1.0
627 10.6436205 59.954384 175304 1.0
628 10.641547 59.957787 309611 1.0
629 10.641849 59.96195 59861 0.0
630 10.644874 59.965874 248220 0.0
631 10.645352 59.96788 21458 1.0
632 10.644263 59.9708 21432 0.0
633 10.64449 59.975163 183862 1.0
634 10.644211 59.97097 21430 0.0
635 10.644467 59.96863 248179 0.0
636 10.644393 59.966717 248216 0.0
637 10.645783 59.963608 248243 1.0
638 10.719644 59.91292 4137 0.0
639 10.717329 59.9152 97105 0.0
640 10.718891 59.91835 84825 1.0
641 10.722441 59.92108 11283 0.0
642 10.727227 59.923534 84851 1.0
643 10.731742 59.92572 165206 0.0
644 10.735045 59.92397 9896 1.0
645 10.741725 59.92436 293761 0.0
646 10.744858 59.925858 278613 1.0
647 10.749085 59.92788 278616 1.0
648 10.758956 59.928303 279209 0.0
649 10.759787 59.92839 278977 1.0
650 10.739633 59.923386 9554 1.0
651 10.734981 59.924213 9894 1.0
652 10.731889 59.925743 165204 1.0
653 10.719547 59.91284 4135 1.0
654 10.780268 59.90832 280893 0.0
655 10.777432 59.91112 247477 0.0
656 10.77697 59.914566 231162 1.0
657 10.775752 59.917236 162011 1.0
658 10.775344 59.92196 164671 1.0
659 10.768975 59.933346 9038 1.0
660 10.764528 59.9351 3967 0.0
661 10.712904 59.92735 279645 1.0
662 10.707855 59.924488 1223 1.0
663 10.704821 59.92186 109038 0.0
664 10.703666 59.919556 109026 1.0
665 10.703598 59.91941 109026 0.0
666 10.708416 59.92463 1239 0.0
667 10.712586 59.927147 279645 0.0
668 10.7751465 59.921383 277817 1.0
669 10.776082 59.91667 162014 0.0
670 10.776838 59.91463 17357 0.0
671 10.777353 59.910088 231065 1.0
672 10.768467 59.950703 168042 1.0
673 10.769485 59.948967 158657 1.0
674 10.772164 59.946976 284814 0.0
675 10.772061 59.944874 73964 1.0
676 10.770311 59.941986 73951 1.0
677 10.772766 59.940144 27653 1.0
678 10.7803955 59.938896 129355 1.0
679 10.816793 59.941772 297039 1.0
680 10.8219385 59.940422 297021 1.0
681 10.825208 59.93927 231036 0.0
682 10.825475 59.937553 213741 1.0
683 10.827467 59.93361 213750 0.0
684 10.828511 59.931217 157894 1.0
685 10.82476 59.927322 157866 1.0
686 10.83577 59.924023 188160 1.0
687 10.847582 59.918827 12225 0.0
688 10.849364 59.91824 16722 1.0
689 10.849935 59.918213 171926 1.0
690 10.827554 59.93365 67493 1.0
691 10.825776 59.93621 213736 0.0
692 10.822393 59.940273 297021 0.0
693 10.817001 59.94173 297038 1.0
694 10.811865 59.94222 218218 0.0
695 10.779695 59.93889 129350 1.0
696 10.7724695 59.940422 165183 0.0
697 10.769796 59.948536 158655 1.0
698 10.7685175 59.951267 84143 1.0
699 10.681919 59.901367 4054 1.0
700 10.7739935 59.937687 27678 1.0
701 10.773808 59.935158 240714 0.0
702 10.766513 59.928104 357 0.0
703 10.761099 59.926956 81 0.0
704 10.680821 59.909428 133090 0.0
705 10.686298 59.90779 42386 0.0
706 10.686545 59.904545 42408 0.0
707 10.686925 59.903606 42425 0.0
708 10.678974 59.9012 4046 0.0
709 10.675744 59.900963 286196 1.0
710 10.673972 59.89875 286202 0.0
711 10.686945 59.917057 132996 1.0
712 10.800332 59.912163 287356 1.0
713 10.795652 59.910027 243469 0.0
714 10.74518 59.916363 6550 0.0
715 10.743587 59.91958 152759 1.0
716 10.741064 59.92255 152728 0.0
717 10.739909 59.924496 165685 1.0
718 10.738737 59.92699 814 1.0
719 10.742971 59.930576 10710 0.0
720 10.742093 59.932755 1282 1.0
721 10.74355 59.934334 1288 1.0
722 10.764167 59.946857 287226 1.0
723 10.76942 59.946884 1135 0.0
724 10.767561 59.949017 287437 0.0
725 10.7698555 59.946964 1137 0.0
726 10.764192 59.946884 287229 0.0
727 10.743923 59.934708 1291 1.0
728 10.742344 59.933025 1286 0.0
729 10.742807 59.930775 10710 1.0
730 10.738778 59.92708 813 1.0
731 10.73989 59.924026 152744 0.0
732 10.741335 59.92207 165678 1.0
733 10.743785 59.918655 286885 1.0
734 10.744388 59.916794 293711 1.0
735 10.745472 59.912956 209929 0.0
736 10.7947235 59.909195 17298 1.0
737 10.796873 59.906998 287424 1.0
738 10.801779 59.90759 287409 0.0
739 10.803687 59.9097 287384 0.0
740 10.872151 59.924675 289010 1.0
741 10.872834 59.925713 69801 1.0
742 10.869723 59.925823 171867 1.0
743 10.86767 59.923542 171854 1.0
744 10.86355 59.922356 171826 1.0
745 10.860217 59.92463 171806 0.0
746 10.863354 59.92244 171824 1.0
747 10.86954 59.92567 171867 0.0
748 10.872839 59.925293 69809 0.0
749 10.847372 59.911137 16943 1.0
750 10.851356 59.9123 288421 1.0
751 10.850623 59.91523 288405 0.0
752 10.856611 59.913372 288459 1.0
753 10.859145 59.913013 16632 0.0
754 10.860142 59.91056 16386 1.0
755 10.860717 59.911743 118341 1.0
756 10.858992 59.912838 16630 1.0
757 10.856855 59.9161 16528 0.0
758 10.851247 59.917442 16905 1.0
759 10.850734 59.91553 289009 0.0
760 10.800732 59.912815 289232 0.0
761 10.81628 59.922882 263300 1.0
762 10.866486 59.95092 39431 1.0
763 10.863037 59.946095 212898 1.0
764 10.858915 59.942684 42026 1.0
765 10.858532 59.936943 289344 1.0
766 10.804633 59.94571 14582 1.0
767 10.792386 59.953636 137536 0.0
768 10.784512 59.9604 234170 1.0
769 10.7450285 59.96132 9235 0.0
770 10.716048 59.92966 168096 1.0
771 10.7362 59.961395 9262 1.0
772 10.754154 59.95924 9200 0.0
773 10.7624035 59.958076 9168 1.0
774 10.770834 59.96422 3595 0.0
775 10.782866 59.963234 9273 1.0
776 10.785489 59.960106 168154 0.0
777 10.7884445 59.956623 14542 1.0
778 10.796991 59.950012 137589 1.0
779 10.803263 59.947243 109133 0.0
780 10.8048115 59.94545 14581 0.0
781 10.8598585 59.93293 125311 0.0
782 10.865051 59.92966 65809 1.0
783 10.868432 59.94526 293296 1.0
784 10.873902 59.946674 130906 1.0
785 10.877313 59.9476 130900 1.0
786 10.8821745 59.94959 130888 0.0
787 10.884459 59.95144 130815 0.0
788 10.874824 59.953854 15466 0.0
789 10.870395 59.952316 213291 1.0
790 10.815052 59.947895 109170 1.0
791 10.809649 59.947464 109144 1.0
792 10.806515 59.94769 15037 0.0
793 10.743802 59.91695 293751 1.0
794 10.738874 59.917595 4830 0.0
795 10.733639 59.91593 209126 1.0
796 10.712989 59.908497 54379 0.0
797 10.709896 59.90848 293783 0.0
798 10.713466 59.90864 54391 1.0
799 10.733802 59.915855 5083 0.0
800 10.803678 59.947475 15021 0.0
801 10.80695 59.947643 109138 0.0
802 10.875326 59.95397 15466 1.0
803 10.716043 59.929104 294821 1.0
804 10.7215185 59.92623 6597 0.0
805 10.726549 59.92255 30330 0.0
806 10.774647 59.83475 69442 1.0
807 10.841489 59.94371 167899 0.0
808 10.83866 59.94144 181794 0.0
809 10.82822 59.93993 181828 0.0
810 10.823164 59.937775 296995 0.0
811 10.819587 59.937115 296970 1.0
812 10.8114 59.935917 13642 0.0
813 10.808269 59.93255 13874 0.0
814 10.811761 59.93009 17567 0.0
815 10.794249 59.925182 165150 1.0
816 10.792418 59.92437 165158 1.0
817 10.786626 59.92213 162671 0.0
818 10.78057 59.91932 162628 0.0
819 10.780174 59.91694 162610 0.0
820 10.781794 59.914875 11802 0.0
821 10.779277 59.913532 11755 0.0
822 10.779827 59.91199 11764 1.0
823 10.776021 59.913204 12472 0.0
824 10.773415 59.914997 162044 1.0
825 10.769186 59.91483 319463 0.0
826 10.764617 59.912903 319482 1.0
827 10.7412615 59.903267 296839 1.0
828 10.764453 59.91285 319484 0.0
829 10.775151 59.913296 295938 0.0
830 10.778465 59.91188 162055 1.0
831 10.781131 59.91215 295892 1.0
832 10.78118 59.914394 295906 1.0
833 10.780234 59.91662 231187 1.0
834 10.781701 59.920155 162646 0.0
835 10.7856655 59.921738 162665 1.0
836 10.793411 59.924625 273202 0.0
837 10.795473 59.925724 3299 0.0
838 10.806391 59.92858 197752 0.0
839 10.810789 59.92683 66009 1.0
840 10.811524 59.928146 66035 0.0
841 10.813894 59.932022 297010 0.0
842 10.815466 59.935413 231105 1.0
843 10.823534 59.9382 187152 0.0
844 10.825461 59.94008 181836 1.0
845 10.830932 59.93951 181818 1.0
846 10.838363 59.941322 181794 1.0
847 10.898797 59.954582 299085 0.0
848 10.887878 59.95334 35069 0.0
849 10.885709 59.95146 298046 1.0
850 10.877647 59.946888 50559 1.0
851 10.869834 59.94411 330150 1.0
852 10.853359 59.94037 204818 1.0
853 10.837516 59.937984 330237 1.0
854 10.833464 59.93629 204897 1.0
855 10.824298 59.931366 103519 0.0
856 10.82235 59.93055 330217 1.0
857 10.83279 59.935745 168927 1.0
858 10.856506 59.940487 330189 1.0
859 10.8701315 59.944168 330155 1.0
860 10.877263 59.94658 103620 0.0
861 10.885044 59.95001 103475 1.0
862 10.8906975 59.952824 15409 0.0
863 10.897102 59.954315 184852 0.0
864 10.804018 59.95864 42978 1.0
865 10.803266 59.96153 42898 1.0
866 10.798153 59.95843 251394 1.0
867 10.798532 59.95541 251376 1.0
868 10.797091 59.952545 251357 0.0
869 10.793098 59.949627 105025 0.0
870 10.792617 59.946472 105069 1.0
871 10.786768 59.944275 105098 0.0
872 10.784307 59.94592 105121 0.0
873 10.778332 59.945328 68213 0.0
874 10.774661 59.946415 172379 1.0
875 10.776617 59.945778 259949 1.0
876 10.778434 59.945137 233622 1.0
877 10.786618 59.944202 105098 1.0
878 10.797271 59.95275 251360 1.0
879 10.803307 59.96168 42896 0.0
880 10.817643 59.979267 211437 1.0
881 10.814341 59.978485 211419 0.0
882 10.81087 59.976448 211354 1.0
883 10.80721 59.977264 211331 1.0
884 10.803694 59.976425 99962 0.0
885 10.795835 59.968605 42985 0.0
886 10.795544 59.96679 42999 1.0
887 10.796229 59.96498 43011 0.0
888 10.795884 59.962685 43032 0.0
889 10.797485 59.96015 43057 1.0
890 10.7975445 59.959953 43059 1.0
891 10.806099 59.977253 211324 0.0
892 10.785741 59.955975 14364 1.0
893 10.785339 59.95233 137442 1.0
894 10.790187 59.949654 137490 1.0
895 10.78777 59.946316 137521 0.0
896 10.773172 59.942566 303735 1.0
897 10.768971 59.939312 304295 1.0
898 10.764466 59.934525 42472 0.0
899 10.761305 59.930756 173109 0.0
900 10.760395 59.927235 3190 1.0
901 10.759231 59.92315 133116 1.0
902 10.759306 59.920815 98793 0.0
903 10.70494 59.922546 329207 0.0
904 10.71226 59.917892 8042 1.0
905 10.648263 59.938637 308010 0.0
906 10.647063 59.942574 261741 0.0
907 10.647895 59.94569 261713 0.0
908 10.657374 59.94675 168410 1.0
909 10.656525 59.94945 20878 0.0
910 10.656975 59.951057 20888 1.0
911 10.656969 59.953796 307392 0.0
912 10.662456 59.951973 64325 0.0
913 10.665489 59.950886 64320 0.0
914 10.673898 59.952953 128233 1.0
915 10.666045 59.9549 128282 0.0
916 10.709855 59.93527 277705 1.0
917 10.7153845 59.916317 165193 1.0
918 10.70869 59.919518 8022 0.0
919 10.7157955 59.92982 168096 0.0
920 10.70452 59.939106 34504 0.0
921 10.70528 59.94287 139195 1.0
922 10.710359 59.945667 34473 0.0
923 10.704108 59.948334 4744 1.0
924 10.695209 59.95046 4687 0.0
925 10.689711 59.95771 271819 1.0
926 10.684616 59.959408 86886 1.0
927 10.674223 59.95773 86851 1.0
928 10.673931 59.952343 128225 0.0
929 10.665671 59.95082 64318 1.0
930 10.662624 59.951912 64323 1.0
931 10.656528 59.949535 20878 1.0
932 10.655938 59.94583 20808 1.0
933 10.647068 59.942776 261739 0.0
934 10.648964 59.941628 19519 0.0
935 10.649417 59.96041 20382 0.0
936 10.654075 59.95669 20328 1.0
937 10.657033 59.954994 168303 0.0
938 10.675303 59.950565 305940 0.0
939 10.676323 59.948544 305918 1.0
940 10.679461 59.94493 305890 1.0
941 10.681712 59.94174 168166 0.0
942 10.681715 59.941666 168164 1.0
943 10.680532 59.944176 168187 1.0
944 10.676256 59.948856 305921 1.0
945 10.675044 59.950874 305943 0.0
946 10.657153 59.954937 168301 1.0
947 10.65442 59.956573 20328 0.0
948 10.649915 59.960247 20379 0.0
949 10.6464615 59.96264 20407 1.0
950 10.704152 59.94258 4781 0.0
951 10.700052 59.943123 125951 1.0
952 10.692522 59.944748 19168 0.0
953 10.688829 59.946136 168310 1.0
954 10.688807 59.948193 168316 0.0
955 10.688815 59.950138 168323 0.0
956 10.680535 59.950733 308868 1.0
957 10.662018 59.95615 30461 1.0
958 10.688817 59.95026 168323 1.0
959 10.688802 59.94834 168316 1.0
960 10.689747 59.945473 19127 1.0
961 10.692824 59.944786 19171 0.0
962 10.698503 59.9434 125969 0.0
963 10.70415 59.942513 219680 1.0
964 10.764249 59.97303 134118 0.0
965 10.761312 59.976994 134157 0.0
966 10.7572155 59.979973 134204 1.0
967 10.752777 59.98618 134263 0.0
968 10.752965 59.98857 134276 1.0
969 10.752528 59.993935 104747 1.0
970 10.752539 59.99407 312691 0.0
971 10.752767 59.98607 134260 0.0
972 10.761238 59.977127 134157 1.0
973 10.828606 59.849976 32015 1.0
974 10.839669 59.86623 7565 1.0
975 10.892464 59.93753 129519 1.0
976 10.891948 59.93802 129706 1.0
977 10.729283 59.94003 291319 0.0
978 10.723371 59.9374 215350 0.0
979 10.903986 59.963356 15579 0.0
980 10.727824 59.935 136261 0.0
981 10.723534 59.93748 215351 0.0
982 10.7288475 59.93979 215368 1.0
983 10.731169 59.914165 22642 1.0
984 10.733985 59.91601 5084 0.0
985 10.752263 59.914722 262401 0.0
986 10.802126 59.91315 289237 1.0
987 10.86428 59.9287 5237 1.0
