0 10.766605 59.95011 512190 0.0
1 10.740003 59.910103 272054 1.0
2 10.744116 59.917034 290532 1.0
3 10.781077 59.91382 591992 0.802
4 10.809232 59.866104 59840 1.0
5 10.749564 59.911304 394470 1.0
6 10.733932 59.91908 553366 1.0
7 10.733659 59.91904 553678 0.0
8 10.736888 59.91336 492990 0.0
9 10.80033 59.861076 176974 1.0
10 10.756465 59.9375 559888 0.609
11 10.75897 59.925472 295116 1.0
12 10.758508 59.92344 295314 1.0
13 10.757398 59.923424 295316 1.0
14 10.80419 59.879524 337522 1.0
15 10.800331 59.886837 68740 1.0
16 10.805472 59.87967 487140 1.0
17 10.757218 59.922237 295570 1.0
18 10.755133 59.919052 308845 0.333
19 10.760663 59.918243 222806 1.0
20 10.758049 59.918583 223032 1.0
21 10.758028 59.923153 151310 1.0
22 10.759194 59.923576 111080 1.0
23 10.75897 59.9223 295430 1.0
24 10.759329 59.92448 608442 1.0
25 10.737969 59.91399 492866 1.0
26 10.738656 59.913002 105808 1.0
27 10.723503 59.94833 326318 1.0
28 10.786646 59.880184 70256 0.344
29 10.759505 59.919083 295190 0.0
30 10.740468 59.90999 8284 1.0
31 10.804681 59.84923 89882 1.0
32 10.769621 59.90829 225132 0.0
33 10.747458 59.911644 13642 1.0
34 10.747458 59.911644 13642 1.0
35 10.747458 59.911644 13642 1.0
36 10.744682 59.9127 419896 0.0
37 10.757249 59.919674 295516 0.0
38 10.728765 59.920765 221788 1.0
39 10.751334 59.911713 520742 1.0
40 10.748447 59.911427 313150 1.0
41 10.715766 59.918907 96658 1.0
42 10.781284 59.91382 591992 0.0
43 10.752386 59.936047 238400 0.903
44 10.715457 59.928753 227886 1.0
45 10.743411 59.913116 530856 0.0
46 10.741795 59.91281 530782 1.0
47 10.73901 59.91381 276320 1.0
48 10.763083 59.911343 71218 1.0
49 10.712586 59.927147 559288 1.0
50 10.708872 59.92856 98726 0.0
51 10.682282 59.920982 105230 1.0
52 10.659767 59.917576 319714 1.0
53 10.717214 59.92947 2406 1.0
54 10.716593 59.92945 227714 1.0
55 10.724871 59.910107 98406 1.0
56 10.694413 59.924103 317970 1.0
57 10.725247 59.908813 139234 1.0
58 10.72552 59.90895 36198 0.0
59 10.750722 59.912407 489668 1.0
60 10.758049 59.918583 223032 1.0
61 10.674239 59.894905 339242 1.0
62 10.764721 59.949993 164464 1.0
63 10.739495 59.91031 9042 1.0
64 10.726034 59.910355 44764 0.0
65 10.74803 59.91878 1478 1.0
66 10.724254 59.90872 630050 1.0
67 10.707789 59.91831 56504 1.0
68 10.682554 59.92063 96288 0.0
69 10.732299 59.91358 630094 1.0
70 10.733167 59.920322 553412 0.0
71 10.733422 59.92059 221978 1.0
72 10.729945 59.921223 553468 1.0
73 10.738931 59.912823 276422 1.0
74 10.744749 59.913303 491820 1.0
75 10.717223 59.929043 228022 1.0
76 10.644047 59.962315 110724 1.0
77 10.684556 59.920002 96186 1.0
78 10.686192 59.922092 543248 1.0
79 10.76727 59.905647 499994 1.0
80 10.721897 59.94039 36904 1.0
81 10.911065 59.952633 391822 1.0
82 10.733711 59.917755 650302 0.278
83 10.738865 59.910239 272053 0.869
84 10.726367 59.909344 100210 1.0
85 10.666868 59.96072 88662 1.0
86 10.63663 59.918697 623382 1.0
87 10.759505 59.919083 295190 0.0
88 10.832909 59.94418 542590 1.0
89 10.841927 59.913757 600564 1.0
90 10.857492 59.922516 577476 0.0
91 10.88524 59.949446 487670 0.571
92 10.673842 59.920227 339036 1.0
93 10.73815 59.91662 306690 1.0
94 10.848096 59.925667 483510 1.0
95 10.779314 59.90867 23418 1.0
96 10.751544 59.919144 308140 0.656
97 10.750694 59.9282 308336 1.0
98 10.751379 59.928093 308486 1.0
99 10.749865 59.928326 308348 1.0
100 10.800195 59.91764 546210 1.0
101 10.676816 59.919243 133408 1.0
102 10.748794 59.927616 308262 1.0
103 10.749001 59.92771 308264 1.0
104 10.749347 59.927906 308274 1.0
105 10.705542 59.910587 154488 1.0
106 10.766439 59.933426 16920 1.0
107 10.764575 59.935024 295956 1.0
108 10.74017 59.90841 9086 0.0
109 10.741472 59.90975 45312 0.0
110 10.796273 59.951954 584608 1.0
111 10.757519 59.923386 151384 1.0
112 10.757321 59.923462 295320 1.0
113 10.785571 59.906456 659054 1.0
114 10.727142 59.91086 9668 0.0
115 10.726461 59.910366 518792 1.0
116 10.751016 59.9277 898 0.0
117 10.746952 59.914165 432078 1.0
118 10.729005 59.92058 22626 1.0
119 10.743576 59.913662 491706 1.0
120 10.844357 59.883034 536554 1.0
121 10.71542 59.922092 16426 1.0
122 10.727138 59.92188 277558 1.0
123 10.727531 59.921112 221646 1.0
124 10.726103 59.923084 277866 1.0
125 10.694311 59.900517 178230 0.0
126 10.686737 59.90332 307664 1.0
127 10.698021 59.908054 99576 0.0
128 10.682711 59.937794 282762 1.0
129 10.73939 59.92334 557676 1.0
130 10.735634 59.922554 19804 1.0
131 10.734521 59.91317 289140 1.0
132 10.734348 59.91316 139916 1.0
133 10.715205 59.928173 228220 1.0
134 10.716848 59.91574 382076 1.0
135 10.716419 59.91616 307078 1.0
136 10.726032 59.915092 269180 0.0
137 10.688532 59.921345 270200 1.0
138 10.720669 59.91468 287964 1.0
139 10.7589 59.927155 608326 1.0
140 10.759302 59.925472 295078 1.0
141 10.735231 59.912636 289538 1.0
142 10.735185 59.912884 289376 0.0
143 10.728733 59.915142 269252 0.0
144 10.721819 59.90775 235488 1.0
145 10.723098 59.909317 196652 1.0
146 10.721702 59.90868 233716 1.0
147 10.748331 59.915176 573798 1.0
148 10.756971 59.930378 35416 1.0
149 10.71605 59.921715 16420 1.0
150 10.780489 59.945396 468810 1.0
151 10.780318 59.93515 541392 1.0
152 10.762187 59.91287 591306 1.0
153 10.725751 59.923897 277256 1.0
154 10.768358 59.908665 587070 1.0
155 10.759913 59.918163 540580 1.0
156 10.757346 59.92227 295422 1.0
157 10.723809 59.924168 382030 1.0
158 10.728478 59.940502 3796 1.0
159 10.73417 59.919605 553454 1.0
160 10.726526 59.9224 277220 1.0
161 10.785536 59.95533 606908 1.0
162 10.867358 59.95069 231496 1.0
163 10.867358 59.95069 231496 1.0
164 10.883764 59.96085 441326 1.0
165 10.756791 59.922375 295622 0.246
166 10.759514 59.91871 295354 0.0
167 10.757348 59.92057 80 1.0
168 10.75674 59.918667 223830 1.0
169 10.703883 59.943153 439278 0.0
170 10.865066 59.92711 614432 1.0
171 10.740064 59.91876 306648 1.0
172 10.757121 59.92549 32 1.0
173 10.724336 59.909393 98362 1.0
174 10.724257 59.90936 98356 1.0
175 10.725119 59.90963 98366 1.0
176 10.811673 59.94225 568602 1.0
177 10.740675 59.92311 573660 1.0
178 10.775137 59.92527 346208 1.0
179 10.759057 59.925426 295106 1.0
180 10.84339 59.87412 552740 1.0
181 10.757067 59.923367 295630 1.0
182 10.753158 59.91697 308752 1.0
183 10.747458 59.911644 13642 1.0
184 10.738297 59.92666 573130 1.0
185 10.819152 59.907593 527226 0.0
186 10.753903 59.914654 525332 1.0
187 10.755754 59.913624 488906 1.0
188 10.807086 59.871323 75520 1.0
189 10.763664 59.912632 591160 1.0
190 10.767419 59.91051 56340 1.0
191 10.882122 59.958157 300500 1.0
192 10.819111 59.90678 53204 1.0
193 10.740064 59.91876 306648 1.0
194 10.740253 59.918144 306638 1.0
195 10.759188 59.92197 295152 1.0
196 10.771046 59.94161 344622 1.0
197 10.751534 59.92209 631834 1.0
198 10.748588 59.915604 290782 1.0
199 10.748711 59.915695 290776 1.0
200 10.759246 59.927307 225856 1.0
201 10.759718 59.942333 564184 1.0
202 10.793247 59.930897 618220 0.0
203 10.773829 59.939465 569294 1.0
204 10.733728 59.91416 490772 1.0
205 10.775888 59.907047 324118 1.0
206 10.758986 59.939934 564252 1.0
207 10.759156 59.93925 564116 1.0
208 10.873809 59.95365 586750 1.0
209 10.735699 59.911186 517076 1.0
210 10.763211 59.93324 296808 1.0
211 10.719446 59.91435 494734 1.0
212 10.677134 59.927288 210004 1.0
213 10.734162 59.91394 490790 1.0
214 10.740913 59.914597 492058 1.0
215 10.759302 59.925472 295078 1.0
216 10.8238 59.940033 569012 1.0
217 10.722285 59.908386 196670 1.0
218 10.725721 59.908764 196644 1.0
219 10.725721 59.908764 196644 1.0
220 10.725721 59.908764 196644 1.0
221 10.761179 59.928394 558092 1.0
222 10.728874 59.914192 56486 1.0
223 10.72874 59.913807 195696 1.0
224 10.721069 59.908215 235462 1.0
225 10.706285 59.918827 15990 1.0
226 10.717437 59.915245 307090 1.0
227 10.715439 59.927834 16256 0.0
228 10.714648 59.92599 37898 0.0
229 10.734023 59.932816 554670 1.0
230 10.731602 59.948387 275776 1.0
231 10.749434 59.913425 491890 1.0
232 10.736182 59.91267 493044 1.0
233 10.718987 59.91386 543852 1.0
234 10.714878 59.91637 330384 1.0
235 10.711876 59.916264 544026 1.0
236 10.77514 59.94688 106864 0.0
237 10.716688 59.92098 16416 1.0
238 10.719582 59.930576 328210 1.0
239 10.716742 59.931374 98940 1.0
240 10.716691 59.92945 227710 1.0
241 10.765797 59.923393 297530 0.0
242 10.751886 59.916275 308756 1.0
243 10.703073 59.918713 307252 1.0
244 10.722981 59.913322 288100 1.0
245 10.736638 59.94941 147360 0.0
246 10.722764 59.911057 51388 1.0
247 10.719767 59.92585 308942 0.0
248 10.737997 59.911926 4786 1.0
249 10.742922 59.909405 69486 1.0
250 10.715391 59.928192 227880 0.0
251 10.750572 59.9241 525452 1.0
252 10.745157 59.910957 336056 1.0
253 10.75948 59.918552 222988 1.0
254 10.747216 59.91461 501150 1.0
255 10.746881 59.91438 573812 1.0
256 10.743142 59.909634 305298 1.0
257 10.739846 59.923626 557660 1.0
258 10.713358 59.916668 294686 1.0
259 10.744161 59.91695 290322 1.0
260 10.714589 59.91635 544252 1.0
261 10.734869 59.913918 269448 1.0
262 10.717713 59.915005 307092 1.0
263 10.751633 59.921849 429006 0.383
264 10.739693 59.91505 45192 1.0
265 10.734633 59.91391 289160 1.0
266 10.781937 59.933563 212440 1.0
267 10.755845 59.937412 559600 1.0
268 10.721702 59.90868 233716 1.0
269 10.730133 59.926 455228 1.0
270 10.718143 59.919895 294976 1.0
271 10.753073 59.90796 69542 1.0
272 10.752541 59.90723 599452 1.0
273 10.731217 59.923855 267954 1.0
274 10.75325 59.916855 518694 1.0
275 10.750867 59.914684 23700 0.0
276 10.71372 59.9278 8560 1.0
277 10.748264 59.911232 500962 1.0
278 10.84253 59.89185 279990 1.0
279 10.751766 59.928177 5062 0.0
280 10.739057 59.922726 623640 0.0
281 10.732214 59.921562 221948 1.0
282 10.734507 59.920467 222066 1.0
283 10.771046 59.94161 344622 1.0
284 10.759249 59.92002 295386 1.0
285 10.751407 59.919563 23258 0.0
286 10.749844 59.91728 1448 0.0
287 10.751343 59.91595 23698 0.0
288 10.741487 59.91311 491728 1.0
289 10.807752 59.942245 133790 1.0
290 10.759186 59.934654 23080 1.0
291 10.743957 59.91049 107378 1.0
292 10.72048 59.914433 288176 0.0
293 10.748456 59.91009 330462 1.0
294 10.719539 59.91483 543876 1.0
295 10.830443 59.84889 413536 1.0
296 10.731004 59.924282 268006 1.0
297 10.753301 59.92821 308132 1.0
298 10.753409 59.915886 1444 1.0
299 10.756717 59.938133 2642 0.0
300 10.756717 59.938133 2642 0.0
301 10.771113 59.927097 240218 0.0
302 10.716096 59.915985 544314 1.0
303 10.727577 59.920174 221626 1.0
304 10.733372 59.93302 554592 1.0
305 10.732759 59.92834 244134 1.0
306 10.875875 59.946636 455282 1.0
307 10.765051 59.928757 297314 1.0
308 10.764696 59.92874 558396 1.0
309 10.756559 59.937946 21404 1.0
310 10.754969 59.93756 559598 1.0
311 10.733985 59.93109 276032 1.0
312 10.733985 59.93109 276032 1.0
313 10.732183 59.921658 553506 1.0
314 10.731161 59.926388 267678 1.0
315 10.757478 59.92008 295396 1.0
316 10.750322 59.916332 290754 1.0
317 10.760839 59.928413 558228 1.0
318 10.753301 59.92821 308132 1.0
319 10.760292 59.910324 315964 1.0
320 10.761198 59.91044 315961 0.64
321 10.821013 59.87117 172198 1.0
322 10.770575 59.92228 297714 1.0
323 10.771082 59.922653 297706 1.0
324 10.752527 59.922478 428966 1.0
325 10.709916 59.912746 329720 1.0
326 10.715625 59.916294 330388 1.0
327 10.797649 59.913963 402884 1.0
328 10.727839 59.910393 539884 1.0
329 10.76223 59.913734 7306 1.0
330 10.737969 59.91399 492866 1.0
331 10.736444 59.914654 276690 1.0
332 10.718226 59.928116 277158 1.0
333 10.740039 59.914825 276334 1.0
334 10.746731 59.910885 13646 1.0
335 10.759443 59.941128 564150 1.0
336 10.878688 59.9646 168696 1.0
337 10.751862 59.952694 249254 1.0
338 10.746861 59.911022 13644 1.0
339 10.738249 59.922714 19102 1.0
340 10.703565 59.919033 307344 1.0
341 10.7591 59.926865 266204 1.0
342 10.759056 59.92562 295064 1.0
343 10.705501 59.91868 544138 0.0
344 10.744581 59.911095 336058 1.0
345 10.759151 59.92143 295051 0.832
346 10.749249 59.910904 419840 1.0
347 10.751578 59.911705 520750 1.0
348 10.751926 59.910774 588582 1.0
349 10.706285 59.918827 15990 1.0
350 10.846357 59.929085 482060 1.0
351 10.735843 59.91407 492886 1.0
352 10.641621 59.925743 362844 0.0
353 10.791191 59.931057 618426 1.0
354 10.751134 59.915947 290756 1.0
355 10.763123 59.933216 296802 1.0
356 10.695829 59.959835 350414 1.0
357 10.739753 59.91495 276654 1.0
358 10.741132 59.923958 240050 1.0
359 10.74803 59.91878 1478 1.0
360 10.77615 59.92642 320468 0.0
361 10.742315 59.91696 290554 1.0
362 10.760782 59.91271 553932 1.0
363 10.761642 59.912548 232332 1.0
364 10.76122 59.912563 232338 1.0
365 10.713857 59.92966 227192 1.0
366 10.732497 59.948532 8334 1.0
367 10.733372 59.94816 147402 1.0
368 10.93963 59.946617 328148 1.0
369 10.763277 59.912838 591146 0.0
370 10.770516 59.92106 601396 1.0
371 10.731477 59.91424 269016 1.0
372 10.728694 59.910557 539890 1.0
373 10.758833 59.912434 100946 1.0
374 10.759238 59.91337 1340 1.0
375 10.898114 59.942333 156566 0.0
376 10.758863 59.913525 622826 1.0
377 10.73275 59.9135 289108 1.0
378 10.726515 59.910572 518794 1.0
379 10.761621 59.93429 239338 1.0
380 10.752254 59.936634 640070 1.0
381 10.728694 59.910557 539890 1.0
382 10.7283 59.910187 9670 1.0
383 10.727917 59.91041 9668 1.0
384 10.727181 59.909706 44766 1.0
385 10.75086 59.91055 56596 1.0
386 10.751588 59.910442 56590 1.0
387 10.751145 59.911274 520758 1.0
388 10.751588 59.910442 56590 1.0
389 10.756186 59.93766 559542 0.0
390 10.779872 59.90739 565828 1.0
391 10.750938 59.91085 588586 1.0
392 10.750821 59.911083 58554 1.0
393 10.734369 59.907623 73140 1.0
394 10.713004 59.927578 227486 1.0
395 10.762487 59.9124 232326 1.0
396 10.761724 59.91286 336218 1.0
397 10.709548 59.930153 480392 1.0
398 10.741824 59.912502 105926 1.0
399 10.834141 59.90083 373560 0.0
400 10.756609 59.908367 628270 1.0
401 10.763083 59.911343 71218 1.0
402 10.762855 59.911026 96350 1.0
403 10.765167 59.912216 462098 1.0
404 10.764221 59.91242 462094 1.0
405 10.765486 59.91315 591086 1.0
406 10.757919 59.908035 628264 1.0
407 10.760625 59.91062 315968 1.0
408 10.763995 59.912647 591050 1.0
409 10.7668 59.948685 181346 1.0
410 10.767526 59.94763 460100 1.0
411 10.804413 59.847042 631692 1.0
412 10.927009 59.9677 88844 1.0
413 10.765167 59.912216 462098 1.0
414 10.766415 59.91223 601094 1.0
415 10.765712 59.912064 487088 1.0
416 10.766415 59.91223 601094 1.0
417 10.928086 59.972378 217428 1.0
418 10.842138 59.835724 486174 1.0
419 10.792595 59.93066 618432 1.0
420 10.749686 59.913494 224916 0.0
421 10.843856 59.924606 482202 0.0
422 10.923788 59.961636 459288 1.0
423 10.91748 59.968494 220608 1.0
424 10.914691 59.96224 344930 1.0
425 10.760578 59.907383 628242 1.0
426 10.645285 59.94741 157268 1.0
427 10.775099 59.9093 488746 1.0
428 10.881834 59.961345 441689 0.75
429 10.758236 59.90883 478908 1.0
430 10.759249 59.907604 542746 1.0
431 10.757639 59.908943 478910 1.0
432 10.759336 59.907696 628260 1.0
433 10.767953 59.949017 574528 1.0
434 10.714696 59.916725 549882 1.0
435 10.740644 59.91129 105768 1.0
436 10.735331 59.908512 71910 1.0
437 10.741677 59.912285 530826 1.0
438 10.767327 59.91406 590950 1.0
439 10.847403 59.899345 533312 1.0
440 10.768762 59.949745 570136 1.0
441 10.750389 59.917934 1544 1.0
442 10.761204 59.927116 81480 0.0
443 10.709812 59.931343 624092 1.0
444 10.743112 59.911446 107254 1.0
445 10.724483 59.908775 630048 1.0
446 10.775729 59.926403 320512 1.0
447 10.775285 59.92636 320044 1.0
448 10.776039 59.92589 320132 0.0
449 10.754067 59.903404 369828 0.0
450 10.750867 59.914684 23700 0.0
451 10.759218 59.918697 295228 1.0
452 10.751324 59.914894 572366 1.0
453 10.767789 59.914112 591284 1.0
454 10.769955 59.91506 325674 1.0
455 10.751343 59.91595 23698 0.0
456 10.753526 59.902775 389606 1.0
457 10.749779 59.91362 55010 1.0
458 10.73838 59.916367 492328 1.0
459 10.740558 59.915469 492369 0.391
460 10.754045 59.91735 308762 0.0
461 10.752961 59.916866 308754 1.0
462 10.790181 59.901714 635490 1.0
463 10.74375 59.918217 290508 0.24
464 10.751343 59.91595 23698 0.0
465 10.750237 59.91211 177184 0.0
466 10.734748 59.911488 519112 1.0
467 10.736825 59.91518 234326 1.0
468 10.924063 59.961075 657366 1.0
469 10.734113 59.91317 289136 1.0
470 10.735142 59.912524 289537 0.333
471 10.751273 59.95111 266680 1.0
472 10.753608 59.914814 24720 1.0
473 10.771397 59.911335 7474 1.0
474 10.70919 59.912804 329868 1.0
475 10.745157 59.910957 336056 1.0
476 10.720638 59.91451 288176 1.0
477 10.924326 59.960907 657368 1.0
478 10.92423 59.96238 53714 1.0
479 10.925159 59.962246 221128 1.0
480 10.924326 59.960907 657368 1.0
481 10.77569 59.91464 58464 1.0
482 10.781515 59.9078 565804 1.0
483 10.755555 59.915462 223658 1.0
484 10.763502 59.914303 7278 1.0
485 10.714813 59.92904 653086 1.0
486 10.755091 59.91909 308844 1.0
487 10.775757 59.914524 58468 1.0
488 10.77569 59.91464 58464 1.0
489 10.67453 59.895317 340426 1.0
490 10.695518 59.90736 494896 1.0
491 10.695518 59.90736 494896 1.0
492 10.695518 59.90736 494896 1.0
493 10.763502 59.914303 7278 1.0
494 10.674223 59.894943 364164 0.0
495 10.6747 59.894936 339240 1.0
496 10.674152 59.895187 364168 1.0
497 10.666559 59.960353 171381 0.342
498 10.667647 59.960693 88664 1.0
499 10.666868 59.96072 88662 1.0
500 10.666868 59.96072 88662 1.0
501 10.695518 59.90736 494896 1.0
502 10.695518 59.90736 494896 1.0
503 10.695518 59.90736 494896 1.0
504 10.667647 59.960693 88664 1.0
505 10.666868 59.96072 88662 1.0
506 10.681121 59.978172 215868 1.0
507 10.680444 59.977966 215880 1.0
508 10.680995 59.977831 47537 0.5
509 10.666868 59.96072 88662 1.0
510 10.666868 59.96072 88662 1.0
511 10.666868 59.96072 88662 1.0
512 10.666868 59.96072 88662 1.0
513 10.677899 59.977707 215904 1.0
514 10.677072 59.977722 215910 1.0
515 10.677899 59.977707 215904 1.0
516 10.677223 59.977394 215892 1.0
517 10.680497 59.97814 169566 0.0
518 10.677072 59.977722 215910 1.0
519 10.677899 59.977707 215904 1.0
520 10.677063 59.977604 215908 1.0
521 10.677072 59.977722 215910 1.0
522 10.677589 59.977386 215896 1.0
523 10.677889 59.97752 215902 1.0
524 10.677063 59.977604 215908 1.0
525 10.677454 59.977383 215894 1.0
526 10.677454 59.977383 215894 1.0
527 10.677072 59.977722 215910 1.0
528 10.677589 59.977386 215896 1.0
529 10.677899 59.977707 215904 1.0
530 10.677072 59.977722 215910 1.0
531 10.677072 59.977722 215910 1.0
532 10.677454 59.977383 215894 1.0
533 10.677856 59.977481 215902 0.4
534 10.677072 59.977722 215910 1.0
535 10.677889 59.97752 215902 1.0
536 10.677899 59.977707 215904 1.0
537 10.677899 59.977707 215904 1.0
538 10.695803 59.907425 494908 1.0
539 10.695518 59.90736 494896 1.0
540 10.695518 59.90736 494896 1.0
541 10.677072 59.977722 215910 1.0
542 10.677899 59.977707 215904 1.0
543 10.677072 59.977722 215910 1.0
544 10.677072 59.977722 215910 1.0
545 10.696051 59.90738 505770 1.0
546 10.73525 59.914577 233860 0.057
547 10.73529 59.914614 233858 0.14
548 10.735497 59.914482 233814 0.0
549 10.695656 59.90736 494900 1.0
550 10.695656 59.90736 494900 1.0
551 10.696051 59.90738 505770 1.0
552 10.69578 59.907402 494906 1.0
553 10.716779 59.940094 73996 1.0
554 10.716779 59.940094 73996 1.0
555 10.716542 59.940113 197770 1.0
556 10.716542 59.940113 197770 1.0
557 10.735253 59.914577 233858 1.0
558 10.735568 59.914543 233814 1.0
559 10.716948 59.94007 144586 1.0
560 10.71685 59.940052 197768 1.0
561 10.73177 59.936214 327968 1.0
562 10.761897 59.899418 435882 1.0
563 10.761318 59.899117 639584 1.0
564 10.761897 59.899418 435882 1.0
565 10.716779 59.940094 73996 1.0
566 10.73177 59.936214 327968 1.0
567 10.73177 59.936214 327968 1.0
568 10.731737 59.936247 327971 0.083
569 10.761897 59.899418 435882 1.0
570 10.761897 59.899418 435882 1.0
571 10.761897 59.899418 435882 1.0
572 10.761318 59.899117 639584 1.0
573 10.761897 59.899418 435882 1.0
574 10.761897 59.899418 435882 1.0
575 10.761612 59.899567 435880 1.0
576 10.761331 59.899098 639585 0.333
577 10.759864 59.912872 553948 1.0
578 10.760794 59.91283 553924 1.0
579 10.759864 59.912872 553948 1.0
580 10.760794 59.91283 553924 1.0
581 10.761612 59.899567 435880 1.0
582 10.761897 59.899418 435882 1.0
583 10.759864 59.912872 553948 1.0
584 10.760455 59.912767 553775 0.6
585 10.759864 59.912872 553948 1.0
586 10.759864 59.912872 553948 1.0
587 10.759864 59.912872 553948 1.0
588 10.758771 59.913563 553746 1.0
589 10.759864 59.912872 553948 1.0
590 10.759864 59.912872 553948 1.0
591 10.759864 59.912872 553948 1.0
592 10.760794 59.91283 553924 1.0
593 10.758747 59.913532 553744 1.0
594 10.758555 59.91364 553756 1.0
595 10.758518 59.913605 553758 1.0
596 10.758673 59.91365 553752 1.0
597 10.758473 59.913532 553760 1.0
598 10.758604 59.913654 553754 1.0
599 10.758773 59.9136 553748 1.0
600 10.758741 59.913635 553750 1.0
601 10.764537 59.92371 297552 0.0
602 10.764634 59.923683 297680 1.0
603 10.764537 59.92371 297552 0.0
604 10.869049 59.930973 465432 1.0
605 10.758473 59.913532 553760 1.0
606 10.764252 59.92368 81622 0.0
607 10.764537 59.92371 297552 0.0
608 10.764537 59.92371 297552 0.0
609 10.868797 59.930954 465438 1.0
610 10.869101 59.930855 465424 1.0
611 10.868797 59.930954 465438 1.0
612 10.816007 59.94696 542454 1.0
613 10.868455 59.93056 56868 1.0
614 10.868455 59.93056 56868 1.0
615 10.869101 59.930855 465424 1.0
616 10.868984 59.930984 465434 1.0
617 10.803381 59.95891 509358 1.0
618 10.804268 59.95936 509664 1.0
619 10.804425 59.95915 509662 1.0
620 10.804425 59.95915 509662 1.0
621 10.816007 59.94696 542454 1.0
622 10.816007 59.94696 542454 1.0
623 10.816007 59.94696 542454 1.0
624 10.803827 59.958584 85954 1.0
625 10.804268 59.95936 509664 1.0
626 10.803654 59.958683 509356 1.0
627 10.804018 59.95864 85956 1.0
0 10.734684 59.918533 305936 1.0
1 10.770207 59.918335 83244 1.0
2 10.916677 59.828537 198378 1.0
3 10.757065 59.922375 295622 0.852
4 10.737758 59.907757 436290 1.0
5 10.731369 59.913425 269000 0.0
6 10.711818 60.009346 343952 1.0
7 10.691021 60.002586 173854 1.0
8 10.775229 59.917477 92766 0.0
9 10.762682 59.924206 297962 1.0
10 10.759096 59.924465 295296 1.0
11 10.751962 59.923508 428944 1.0
12 10.765345 59.93843 2068 1.0
13 10.639972 60.031143 342600 1.0
14 10.758678 59.92345 295312 1.0
15 10.757452 59.919167 295404 1.0
16 10.759346 59.923504 608440 1.0
17 10.741643 59.912773 100658 1.0
18 10.731152 59.913696 269000 1.0
19 10.846473 59.86365 192902 1.0
20 10.687952 59.903595 154064 1.0
21 10.766357 59.936703 296300 1.0
22 10.765368 59.935997 297044 1.0
23 10.764456 59.934723 295940 1.0
24 10.739028 59.912766 276536 1.0
25 10.741194 59.911972 276482 1.0
26 10.76095 59.894455 108236 1.0
27 10.741323 59.91375 6392 1.0
28 10.741578 59.91534 21232 1.0
29 10.678377 59.92173 39894 1.0
30 10.683354 59.920364 96262 0.0
31 10.739384 59.912323 315676 1.0
32 10.740333 59.912052 276760 0.0
33 10.716043 59.916306 294402 0.0
34 10.632134 59.99056 309662 1.0
35 10.759223 59.928116 558268 1.0
36 10.759226 59.928047 558288 1.0
37 10.755577 59.92342 368 1.0
38 10.746474 59.910618 336052 1.0
39 10.684556 59.920002 96186 1.0
40 10.663713 60.03623 268754 1.0
41 10.742343 59.908775 45310 0.0
42 10.769404 59.908348 336094 1.0
43 10.77946 59.908203 24276 1.0
44 10.776719 59.965424 46622 1.0
45 10.759935 59.928467 558154 1.0
46 10.671658 59.941814 257480 1.0
47 10.549547 60.051426 134072 1.0
48 10.738652 59.910526 317026 0.0
49 10.768079 59.933056 560312 0.0
50 10.655292 60.076504 435616 1.0
51 10.740072 59.92597 239760 1.0
52 10.761916 59.93416 55118 1.0
53 10.786099 59.94428 604820 1.0
54 10.759035 59.926064 295066 1.0
55 10.806266 59.961544 194756 1.0
56 10.742366 59.913048 105934 1.0
57 10.658409 60.024933 120202 1.0
58 10.781094 59.9119 592154 1.0
59 10.767571 59.906185 232776 1.0
60 10.773829 59.939465 569294 1.0
61 10.689491 60.05081 436102 1.0
62 10.764445 59.934307 295930 1.0
63 10.742049 59.913845 611450 0.0
64 10.907619 59.89158 431188 1.0
65 10.717649 59.928783 228020 1.0
66 10.728184 59.920563 221632 1.0
67 10.730386 59.91127 633222 1.0
68 10.685737 59.918766 96600 1.0
69 10.749395 60.07877 127048 1.0
70 10.690525 59.913963 339654 1.0
71 10.727982 59.92043 221630 1.0
72 10.720296 59.916763 294900 0.0
73 10.745901 59.910004 107398 0.0
74 10.880271 59.979317 479610 1.0
75 10.728962 59.921017 221724 1.0
76 10.761282 59.92155 297500 1.0
77 10.756986 59.927315 18 1.0
78 10.730426 59.919113 554880 1.0
79 10.760342 59.912262 7410 1.0
80 10.757765 59.913517 13474 1.0
81 10.759446 59.921116 295006 0.045
82 10.707752 59.925407 561858 1.0
83 10.815147 59.97074 505732 0.0
84 10.856671 59.87265 194496 1.0
85 10.780242 59.929596 248098 1.0
86 10.734819 59.917862 305950 1.0
87 10.747869 59.912727 491782 1.0
88 10.757257 59.92053 295586 1.0
89 10.732754 59.944054 483252 1.0
90 10.729635 59.911022 73632 1.0
91 10.794435 59.834164 488988 1.0
92 10.761353 59.910595 315958 1.0
93 10.703509 59.942783 439252 1.0
94 10.755459 59.912228 520560 1.0
95 10.746877 59.90977 51500 1.0
96 10.734023 59.932816 554670 1.0
97 10.740459 59.916668 129500 1.0
98 10.873594 59.953587 586752 1.0
99 10.793247 59.930897 618220 0.0
100 10.770494 59.935535 335514 1.0
101 10.737383 59.918583 306530 0.0
102 10.88046 59.850872 89346 1.0
103 10.740412 59.918083 306634 1.0
104 10.740452 59.917953 650322 1.0
105 10.709113 59.919306 469474 0.5
106 10.748234 59.912903 500146 1.0
107 10.718236 59.928185 277164 1.0
108 10.725548 59.90978 98374 1.0
109 10.786457 59.880352 70256 1.0
110 10.72824 59.92034 221802 1.0
111 10.731578 59.92731 276080 1.0
112 10.739856 59.923412 557504 1.0
113 10.7589 59.927155 608326 1.0
114 10.766897 59.911427 416286 0.0
115 10.75744 59.91867 295222 1.0
116 10.745901 59.910004 107398 0.0
117 10.732827 59.914246 378796 1.0
118 10.7377 59.915676 492340 1.0
119 10.752296 59.937435 559964 1.0
120 10.747458 59.911644 13642 1.0
121 10.734162 59.91394 490790 1.0
122 10.742593 59.914246 611448 0.0
123 10.735835 59.911625 288072 1.0
124 10.734869 59.913918 269448 1.0
125 10.739669 59.92462 305568 1.0
126 10.704665 59.918406 544366 0.4
127 10.732779 59.91368 490792 1.0
128 10.733205 59.914314 490768 1.0
129 10.716494 59.929504 227718 1.0
130 10.766112 59.949657 177620 1.0
131 10.72647 59.922993 277378 1.0
132 10.643743 59.94845 548808 1.0
133 10.728874 59.914192 56486 1.0
134 10.718286 59.92794 277086 0.0
135 10.634925 59.917183 563902 1.0
136 10.792537 59.923546 375710 0.0
137 10.711304 59.929344 97660 1.0
138 10.731607 59.923077 222090 1.0
139 10.719539 59.91483 543876 1.0
140 10.717223 59.929043 228022 1.0
141 10.709368 59.912907 329836 1.0
142 10.739778 59.92401 557658 1.0
143 10.774237 59.94716 160802 1.0
144 10.733818 59.95013 8362 1.0
145 10.736221 59.91425 233748 0.0
146 10.734256 59.93268 554672 1.0
147 10.716395 59.916576 549868 1.0
148 10.741323 59.91375 6392 1.0
149 10.729796 59.914364 512110 1.0
150 10.730244 59.914837 195676 1.0
151 10.723535 59.907967 235440 1.0
152 10.714131 59.947086 428644 0.0
153 10.69431 59.950808 279134 0.723
154 10.73994 59.91503 492346 1.0
155 10.727118 59.921364 221648 1.0
156 10.773207 59.915295 23270 1.0
157 10.634675 59.91747 356742 1.0
158 10.715856 59.92711 56724 1.0
159 10.741407 59.914288 492086 1.0
160 10.741445 59.913246 491994 1.0
161 10.738121 59.916542 418294 1.0
162 10.707019 59.912872 552822 1.0
163 10.762999 59.924614 329358 1.0
164 10.666486 59.96444 397678 1.0
165 10.718687 59.919277 294042 0.0
166 10.714696 59.916725 549882 1.0
167 10.714696 59.916725 549882 1.0
168 10.716694 59.916576 307068 1.0
169 10.751671 59.93763 92986 0.0
170 10.728981 59.941296 3734 1.0
171 10.752895 59.90268 389594 0.0
172 10.752551 59.92814 484824 0.0
173 10.728824 59.927162 90596 1.0
174 10.759249 59.92002 295386 1.0
175 10.731112 59.926285 267676 1.0
176 10.741251 59.9119 105922 0.0
177 10.771547 59.91421 23330 1.0
178 10.691744 59.909855 333118 0.0
179 10.743719 59.918217 290504 1.0
180 10.740619 59.923737 557774 1.0
181 10.751358 59.928215 239622 1.0
182 10.765569 59.938502 460759 0.6
183 10.74894 59.914257 23718 1.0
184 10.685838 59.906704 335720 1.0
185 10.752662 59.938095 100644 1.0
186 10.751951 59.916214 518702 1.0
187 10.77723 59.9101 561466 0.0
188 10.70256 59.92388 98702 1.0
189 10.735147 59.920074 306950 0.0
190 10.703959 59.942516 439440 1.0
191 10.739854 59.924232 2506 0.0
192 10.751939 59.914165 224590 1.0
193 10.741727 59.913036 491730 1.0
194 10.739081 59.92294 490020 0.0
195 10.704657 59.9184 544116 1.0
196 10.705807 59.919975 15994 1.0
197 10.800575 59.897076 149888 1.0
198 10.859846 59.8432 192654 1.0
199 10.757544 59.92113 295460 1.0
200 10.757069 59.92229 295577 0.865
201 10.741323 59.91375 6392 1.0
202 10.741323 59.91375 6392 1.0
203 10.735162 59.937912 393580 1.0
204 10.75241 59.91211 384592 1.0
205 10.753239 59.904713 369844 1.0
206 10.757489 59.93075 558496 0.0
207 10.647367 59.928745 226850 1.0
208 10.7417 59.913788 611456 1.0
209 10.866238 59.927256 302758 0.667
210 10.712823 59.929924 227446 1.0
211 10.714293 59.929756 246666 1.0
212 10.759194 59.923576 111080 1.0
213 10.751926 59.910774 588582 1.0
214 10.722706 59.908154 196676 1.0
215 10.650903 59.926624 360532 1.0
216 10.73868 59.9164 382052 1.0
217 10.756212 59.927208 151614 0.255
218 10.754605 59.937725 559668 0.423
219 10.716958 59.92833 277084 1.0
220 10.768276 59.908585 587068 0.0
221 10.751698 59.922504 242948 0.0
222 10.728719 59.910587 559008 1.0
223 10.732299 59.91358 630094 1.0
224 10.732289 59.91344 630078 1.0
225 10.733537 59.91294 289128 1.0
226 10.757585 59.90812 628266 1.0
227 10.763083 59.911343 71218 1.0
228 10.76434 59.91287 591176 1.0
229 10.772222 59.907616 7452 1.0
230 10.763617 59.921127 79792 1.0
231 10.751885 59.910686 588580 1.0
232 10.751024 59.910927 588584 1.0
233 10.740211 59.923744 557548 0.184
234 10.758236 59.90883 478908 1.0
235 10.728074 59.94764 311432 1.0
236 10.936223 59.966606 118652 1.0
237 10.766136 59.912464 7406 1.0
238 10.7668 59.948685 181346 1.0
239 10.763265 59.90955 362086 1.0
240 10.75433 59.9175 308458 1.0
241 10.761236 59.92602 225824 1.0
242 10.865564 59.927143 302768 1.0
243 10.730596 59.925457 221812 1.0
244 10.77161 59.907764 336102 1.0
245 10.767784 59.948975 574522 1.0
246 10.742035 59.914677 629984 1.0
247 10.775729 59.926403 320512 1.0
248 10.761196 59.934395 625870 1.0
249 10.750515 59.913177 489684 1.0
250 10.751023 59.923515 19986 1.0
251 10.751559 59.92196 428992 0.0
252 10.78293 59.908062 494998 1.0
253 10.735548 59.91282 289476 1.0
254 10.682554 59.92063 96288 0.0
255 10.742385 59.910797 523692 0.0
256 10.736629 59.913383 289488 1.0
257 10.66965 59.98594 309642 1.0
258 10.66965 59.98594 309642 1.0
259 10.66965 59.98594 309642 1.0
260 10.66965 59.98594 309642 1.0
261 10.632134 59.99056 309662 1.0
262 10.632134 59.99056 309662 1.0
263 10.63134 59.990517 309664 1.0
264 10.632134 59.99056 309662 1.0
265 10.761456 59.912907 336214 1.0
266 10.761456 59.912907 336214 1.0
267 10.761456 59.912907 336214 1.0
268 10.770207 59.918335 83244 1.0
269 10.760794 59.91283 553924 1.0
270 10.760794 59.91283 553924 1.0
271 10.760794 59.91283 553924 1.0
272 10.760794 59.91283 553924 1.0
273 10.75702 59.93098 513208 0.0
274 10.75702 59.93098 513208 0.0
275 10.75702 59.93098 513208 0.0
276 10.75702 59.93098 513208 0.0
277 10.770207 59.918335 83244 1.0
278 10.770207 59.918335 83244 1.0
279 10.770079 59.917828 83494 1.0
280 10.770079 59.917828 83494 1.0
281 10.724323 59.95344 253440 1.0
282 10.723604 59.959984 288902 1.0
283 10.724086 59.9596 147522 1.0
284 10.723604 59.959984 288902 1.0
285 10.75702 59.93098 513208 0.0
286 10.724559 59.953365 253484 1.0
287 10.724406 59.953239 481002 0.758
288 10.724296 59.953392 253442 1.0
289 10.811976 59.95308 145930 1.0
290 10.81192 59.95356 82450 1.0
291 10.81192 59.95356 82450 1.0
292 10.81192 59.95356 82450 1.0
293 10.723604 59.959984 288902 1.0
294 10.811976 59.95308 145930 1.0
295 10.81192 59.95356 82450 1.0
296 10.81192 59.95356 82450 1.0
297 10.814503 59.970467 194876 1.0
298 10.815052 59.970562 505732 1.0
299 10.815147 59.97074 505732 0.0
300 10.668421 59.997864 398630 1.0
301 10.81192 59.95356 82450 1.0
302 10.81192 59.95356 82450 1.0
303 10.81192 59.95356 82450 1.0
304 10.814843 59.970894 145356 1.0
305 10.668082 59.99823 213374 1.0
306 10.668421 59.997864 398630 1.0
307 10.668421 59.997864 398630 1.0
308 10.668627 59.99816 398638 1.0
309 10.668421 59.997864 398630 1.0
310 10.668121 59.997913 398626 1.0
311 10.668222 59.998264 213372 1.0
312 10.668272 59.997875 398628 1.0
313 10.663157 60.01751 365992 1.0
314 10.663157 60.01751 365992 1.0
315 10.663334 60.01742 365990 1.0
316 10.663157 60.01751 365992 1.0
317 10.668627 59.99816 398638 1.0
318 10.668121 59.997913 398626 1.0
319 10.668421 59.997864 398630 1.0
320 10.663157 60.01751 365992 1.0
321 10.663157 60.01751 365992 1.0
322 10.663334 60.01742 365990 1.0
323 10.663121 60.017853 175954 1.0
324 10.663342 60.017918 175956 1.0
0 10.71076 59.929806 98736 1.0
1 10.709921 59.918793 16060 1.0
2 10.732299 59.91358 630094 1.0
3 10.738834 59.915237 276646 1.0
4 10.752097 59.90756 599456 1.0
5 10.747761 59.913895 234130 0.0
6 10.728309 59.9136 195696 0.0
7 10.732827 59.913597 289104 1.0
8 10.732827 59.914246 378796 1.0
9 10.760863 59.928535 558156 1.0
10 10.736044 59.913567 289500 1.0
11 10.768079 59.933056 560312 0.0
12 10.762185 59.911118 600772 1.0
13 10.712859 59.93289 3276 1.0
14 10.708998 59.91726 307336 1.0
15 10.76572 59.936047 296260 1.0
16 10.724871 59.910107 98406 1.0
17 10.743425 59.91464 290436 0.0
18 10.739497 59.914314 276332 1.0
19 10.746474 59.910618 336052 1.0
20 10.729359 59.913467 195698 1.0
21 10.811626 59.873753 395596 0.0
22 10.752052 59.92155 631842 1.0
23 10.751762 59.915302 604058 1.0
24 10.765637 59.938828 460756 0.0
25 10.681034 59.905518 335652 1.0
26 10.680886 59.905563 335648 1.0
27 10.680817 59.9056 335646 1.0
28 10.681149 59.905502 335654 1.0
29 10.708657 59.92656 97476 0.0
30 10.766946 59.91042 56342 1.0
31 10.681149 59.905502 335654 1.0
32 10.681034 59.905518 335652 1.0
33 10.681034 59.905518 335652 1.0
34 10.680954 59.90554 335650 1.0
35 10.680694 59.90575 335640 0.5
36 10.680954 59.90554 335650 1.0
37 10.680764 59.905636 335644 1.0
38 10.681149 59.905502 335654 1.0
39 10.681034 59.905518 335652 1.0
40 10.680719 59.90568 335642 1.0
41 10.675239 59.9768 360356 0.0
42 10.675239 59.9768 360356 0.0
43 10.675677 59.976868 360378 1.0
44 10.675101 59.976883 360356 1.0
45 10.680693 59.905823 335636 1.0
46 10.680839 59.90596 335628 1.0
47 10.680707 59.90586 335634 1.0
48 10.675513 59.976788 360382 1.0
49 10.675124 59.97704 360362 1.0
50 10.675181 59.977074 360364 1.0
51 10.675589 59.977066 360370 1.0
52 10.67542 59.97709 360368 1.0
53 10.675677 59.976868 360378 1.0
54 10.675079 59.97692 360358 1.0
55 10.675713 59.97698 360376 0.038
56 10.675664 59.97703 360372 1.0
57 10.726157 59.911068 257226 1.0
58 10.726599 59.91105 257224 1.0
59 10.726607 59.910706 518796 1.0
60 10.726816 59.910862 518798 1.0
61 10.675283 59.977093 360366 1.0
62 10.726157 59.911068 257226 1.0
63 10.726389 59.91108 51392 1.0
64 10.726157 59.911068 257226 1.0
65 10.734093 59.91469 233776 1.0
66 10.73437 59.91461 233778 1.0
67 10.73437 59.91461 233778 1.0
68 10.734619 59.914524 233780 1.0
69 10.733477 59.914505 233434 1.0
70 10.733718 59.914665 490638 1.0
71 10.733934 59.91472 233774 1.0
72 10.733934 59.91472 233774 1.0
73 10.734435 59.9141 233418 1.0
74 10.734435 59.9141 233418 1.0
75 10.734172 59.91417 233420 1.0
76 10.734172 59.91417 233420 1.0
77 10.73437 59.91461 233778 1.0
78 10.734792 59.914127 233824 1.0
79 10.734731 59.914143 233822 1.0
80 10.734652 59.914074 233820 1.0
81 10.734093 59.91469 233776 1.0
82 10.734093 59.91469 233776 1.0
83 10.733635 59.914364 233428 1.0
84 10.733726 59.914314 233426 1.0
85 10.733726 59.914314 233426 1.0
86 10.733726 59.914314 233426 1.0
87 10.733726 59.914314 233426 1.0
88 10.733726 59.914314 233426 1.0
89 10.733747 59.914694 490638 0.603
90 10.733582 59.914707 490640 1.0
91 10.734172 59.91417 233420 1.0
92 10.734172 59.91417 233420 1.0
93 10.734093 59.91469 233776 1.0
94 10.733509 59.91448 233432 1.0
95 10.733509 59.91448 233432 1.0
96 10.73372 59.914667 490638 0.973
97 10.734966 59.914272 233840 1.0
98 10.734965 59.914253 233836 1.0
99 10.734913 59.914124 233832 1.0
100 10.734839 59.914143 233830 1.0
101 10.734872 59.91442 233848 1.0
102 10.734872 59.91442 233848 1.0
103 10.735004 59.914383 233846 1.0
104 10.734946 59.914326 233844 1.0
105 10.734834 59.91414 233828 1.0
106 10.735007 59.91431 233842 1.0
107 10.734812 59.914146 233826 1.0
108 10.734984 59.91427 233838 1.0
109 10.735033 59.91423 233834 1.0
0 10.726145 59.910404 9666 1.0
1 10.759188 59.92197 295152 1.0
2 10.758146 59.923176 151312 1.0
3 10.757418 59.919075 295218 1.0
4 10.759302 59.925472 295078 1.0
5 10.742579 59.91567 112444 1.0
6 10.756601 59.91366 217742 1.0
7 10.733876 59.91899 553682 1.0
8 10.740468 59.90999 8284 1.0
9 10.746861 59.911022 13644 1.0
10 10.743802 59.912144 107252 1.0
11 10.742366 59.913048 105934 1.0
12 10.737969 59.91399 492866 1.0
13 10.761304 59.925606 225814 1.0
14 10.773388 59.912853 7338 1.0
15 10.757226 59.919636 295472 0.0
16 10.724058 59.924374 382032 1.0
17 10.759479 59.920143 297984 1.0
18 10.783757 59.907532 81393 0.369
19 10.749292 59.92812 308578 0.0
20 10.75325 59.916855 518694 1.0
21 10.723608 59.91064 518826 1.0
22 10.727439 59.91094 196474 1.0
23 10.727181 59.909706 44766 1.0
24 10.720957 59.94016 14222 0.0
25 10.757321 59.923462 295320 1.0
26 10.818282 59.907536 487376 1.0
27 10.765408 59.927345 297454 1.0
28 10.797042 59.91392 475342 1.0
29 10.812752 59.897217 620456 1.0
30 10.722809 59.941746 14250 1.0
31 10.72311 59.940006 574972 0.0
32 10.724316 59.941223 14204 0.0
33 10.751016 59.9277 898 0.0
34 10.719064 59.927666 277692 1.0
35 10.715753 59.928814 227576 1.0
36 10.780315 59.907227 565344 1.0
37 10.789456 59.9095 565364 1.0
38 10.763591 59.93355 84930 1.0
39 10.762185 59.911118 600772 1.0
40 10.760202 59.91829 164720 1.0
41 10.765417 59.9361 297152 0.0
42 10.717796 59.94306 631714 1.0
43 10.754212 59.917557 308456 0.0
44 10.740014 59.92304 557916 1.0
45 10.787999 59.9105 24264 1.0
46 10.749587 59.914623 23736 1.0
47 10.762896 59.934032 7964 0.0
48 10.738427 59.927254 573278 0.0
49 10.74944 59.916718 1552 1.0
50 10.7405 59.91809 306632 1.0
51 10.830395 59.848537 400832 1.0
52 10.740829 59.914566 492066 1.0
53 10.740649 59.92313 573662 1.0
54 10.759323 59.924618 295076 1.0
55 10.752664 59.92255 428970 1.0
56 10.748731 59.91539 23728 1.0
57 10.718654 59.914654 543874 1.0
58 10.747216 59.91461 501150 1.0
59 10.73994 59.91503 492346 1.0
60 10.727531 59.921112 221646 1.0
61 10.728473 59.91397 56484 1.0
62 10.736013 59.911415 517078 1.0
63 10.717176 59.91525 544300 1.0
64 10.715439 59.927834 16256 0.0
65 10.730688 59.925728 267660 1.0
66 10.72048 59.914433 288176 0.0
67 10.76689 59.928837 297318 1.0
68 10.748165 59.915703 290788 1.0
69 10.714696 59.916725 549882 1.0
70 10.714696 59.916725 549882 1.0
71 10.774256 59.924614 540084 0.5
72 10.750322 59.916332 290754 1.0
73 10.76835 59.906387 232736 1.0
74 10.735063 59.920242 553394 1.0
75 10.88184 59.960808 441498 0.11
76 10.751134 59.915947 290756 1.0
77 10.740468 59.90999 8284 1.0
78 10.716252 59.915028 307024 1.0
79 10.72885 59.913303 195704 1.0
80 10.734674 59.913185 289144 1.0
81 10.770112 59.94226 569784 1.0
82 10.752018 59.912056 489704 1.0
83 10.749005 59.914295 23734 1.0
84 10.741916 59.91808 650308 0.0
85 10.740946 59.915466 492126 1.0
86 10.753236 59.91691 518690 1.0
87 10.757499 59.91431 1432 1.0
88 10.741323 59.91375 6392 1.0
89 10.748666 59.915382 55032 0.0
90 10.779872 59.90739 565828 1.0
91 10.740468 59.90999 8284 1.0
92 10.751978 59.91067 588552 0.0
93 10.759216 59.913177 100952 1.0
94 10.760342 59.912262 7410 1.0
95 10.759483 59.918377 540596 1.0
96 10.748508 59.914383 56534 0.0
97 10.928086 59.972378 217428 1.0
98 10.78023 59.9072 565342 1.0
99 10.751658 59.914074 224594 1.0
100 10.741653 59.912266 530828 1.0
101 10.757277 59.92008 295486 1.0
102 10.725649 59.9332 327866 1.0
103 10.764779 59.912296 462096 1.0
104 10.75187 59.91613 24714 1.0
105 10.748508 59.914383 56534 0.0
106 10.748508 59.914383 56534 0.0
107 10.924326 59.960907 657368 1.0
108 10.749006 59.9133 491894 1.0
109 10.759323 59.924618 295076 1.0
110 10.739369 59.915146 45194 1.0
111 10.751691 59.914196 23688 1.0
112 10.740714 59.915447 492124 1.0
113 10.758399 59.923176 151316 1.0
114 10.758028 59.923153 151310 1.0
115 10.758508 59.92344 295314 1.0
116 10.775071 59.91418 5750 1.0
117 10.755211 59.91954 1251 0.822
118 10.758146 59.923176 151312 1.0
119 10.758028 59.923153 151310 1.0
0 10.867568 59.9305 56856 1.0
1 10.749751 59.92863 239636 1.0
2 10.771549 59.92192 297786 1.0
3 10.822519 59.931152 507998 1.0
4 10.809337 59.94226 248514 1.0
5 10.711441 59.920193 16002 1.0
6 10.759873 59.94748 17330 0.0
7 10.889414 59.936306 259216 1.0
8 10.791755 59.91075 565414 1.0
9 10.776768 59.945812 160820 1.0
10 10.782115 59.96377 583986 1.0
11 10.659518 59.92877 312816 0.0
12 10.684694 59.937805 228288 0.0
13 10.826231 59.935333 568216 1.0
14 10.93893 59.94756 597156 1.0
15 10.675067 59.95098 611972 1.0
16 10.778735 59.94809 429142 1.0
17 10.728798 59.926254 20282 1.0
18 10.834783 59.849934 62252 0.227
19 10.814834 59.897682 150522 1.0
20 10.811016 59.875324 52622 1.0
21 10.819786 59.878944 643510 1.0
22 10.660289 59.929577 196880 1.0
23 10.675765 59.92165 42730 1.0
24 10.744015 59.935276 327284 1.0
25 10.773438 59.88033 537900 1.0
26 10.88378 59.960163 494434 0.127
27 10.777122 59.914413 324700 0.0
28 10.722054 59.932457 600502 1.0
29 10.790769 59.871983 66952 1.0
30 10.635873 59.926758 369154 1.0
31 10.636125 59.921295 530194 1.0
32 10.660749 59.91781 319712 1.0
33 10.878408 59.947624 429406 1.0
34 10.91053 59.952698 391824 1.0
35 10.789894 59.901627 523728 1.0
36 10.838583 59.94363 541506 1.0
37 10.724049 59.948536 275800 1.0
38 10.845153 59.92512 138232 1.0
39 10.709089 59.918365 553306 1.0
40 10.641716 59.962112 109208 1.0
41 10.725468 59.950268 6526 1.0
42 10.847668 59.91555 654304 1.0
43 10.800532 59.91652 546196 1.0
44 10.705042 59.91018 154486 1.0
45 10.907388 59.96272 136728 1.0
46 10.820746 59.910603 68878 1.0
47 10.831714 59.925824 600072 0.012
48 10.843323 59.922565 138130 1.0
49 10.833382 59.944046 133834 1.0
50 10.758619 59.892727 522182 1.0
51 10.84339 59.87412 552740 1.0
52 10.804365 59.847507 631698 1.0
53 10.751245 59.920895 308326 1.0
54 10.710078 59.909225 485452 1.0
55 10.839893 59.893555 533122 1.0
56 10.778074 59.94794 74058 1.0
57 10.850901 59.92763 84400 1.0
58 10.824797 59.92672 347804 1.0
59 10.810768 59.911987 9164 1.0
60 10.806535 59.871532 381268 1.0
61 10.778025 59.932438 540126 1.0
62 10.802298 59.896046 526194 0.0
63 10.842269 59.923256 274666 0.0
64 10.852181 59.898716 619756 1.0
65 10.88533 59.95933 137814 0.703
66 10.833374 59.900352 373566 1.0
67 10.843685 59.922554 482454 1.0
68 10.714314 59.90927 108796 1.0
69 10.843075 59.88325 536698 1.0
70 10.720343 59.934532 508834 1.0
71 10.750556 59.949783 525400 1.0
72 10.643518 59.94761 548784 1.0
73 10.843286 59.883377 374150 1.0
74 10.759943 59.92229 295030 0.776
75 10.70526 59.942616 439322 1.0
76 10.805563 59.8946 15526 1.0
77 10.758316 59.927143 608326 0.0
78 10.659739 59.917946 330096 1.0
79 10.641357 59.962513 109200 1.0
80 10.887343 59.818115 649922 1.0
81 10.868959 59.95244 137528 0.222
82 10.884522 59.949284 487726 1.0
83 10.928641 59.93609 368484 1.0
84 10.810537 59.927574 133002 1.0
85 10.826078 59.935658 568220 1.0
86 10.86065 59.932835 314766 1.0
87 10.833649 59.944046 106250 1.0
