0 13.373548 52.507854 450538 1.0
1 13.376552 52.51054 1003222 0.0
2 13.388598 52.51957 459202 1.0
3 13.379687 52.516552 158360 1.0
4 13.356774 52.54765 18542 1.0
5 13.334581 52.550865 63516 1.0
6 13.395677 52.53881 40962 1.0
7 13.411517 52.52017 711990 0.0
8 13.410192 52.52025 848350 1.0
9 13.389906 52.511024 1005076 1.0
10 13.389619 52.51138 1005258 0.762
11 13.377124 52.508244 761478 1.0
12 13.383158 52.530655 1004490 1.0
13 13.398783 52.52331 26386 1.0
14 13.270908 52.509045 918990 1.0
15 13.323905 52.47522 23052 1.0
16 13.406003 52.54562 30350 0.0
17 13.353688 52.488674 21684 1.0
18 13.509152 52.456837 347382 1.0
19 13.414311 52.540646 593882 1.0
20 13.420533 52.53861 723426 1.0
21 13.530785 52.4295 525234 0.0
22 13.412481 52.540863 1000302 1.0
23 13.292368 52.457172 502236 0.0
24 13.443998 52.49773 671564 1.0
25 13.217429 52.427116 967466 1.0
26 13.360931 52.48803 81390 0.0
27 13.32768 52.5031 5618 1.0
28 13.34834 52.51464 760870 0.0
29 13.343697 52.516922 907750 1.0
30 13.346179 52.518845 6300 1.0
31 13.467732 52.468323 517398 0.0
32 13.466623 52.505424 556582 1.0
33 13.340356 52.470093 192826 1.0
34 13.422526 52.4336 461134 1.0
35 13.387157 52.52595 914976 1.0
36 13.526315 52.49203 358918 0.466
37 13.443212 52.496933 198872 1.0
38 13.361973 52.488445 88728 1.0
39 13.367587 52.49092 833706 1.0
40 13.457211 52.50965 556594 1.0
41 13.357276 52.425564 813752 1.0
42 13.557014 52.546604 733152 0.0
43 13.461518 52.512115 16498 1.0
44 13.356718 52.42787 197624 1.0
45 13.466623 52.505424 556582 1.0
46 13.393733 52.489113 22202 1.0
47 13.459153 52.512543 320571 0.865
48 13.20197 52.537228 44630 0.0
49 13.472363 52.515556 34622 1.0
50 13.458833 52.511433 34816 1.0
51 13.457005 52.515934 199008 1.0
52 13.463058 52.516747 542458 1.0
53 13.456634 52.510838 130518 0.0
54 13.457811 52.512787 320570 1.0
55 13.446021 52.52463 265132 1.0
56 13.130707 52.444393 239456 1.0
57 13.322908 52.49779 8494 1.0
58 13.4358 52.532436 641760 1.0
59 13.438748 52.542355 28376 1.0
60 13.322908 52.49779 8494 1.0
61 13.601228 52.482044 285188 1.0
62 13.321239 52.507347 641848 1.0
63 13.418722 52.49193 920106 1.0
64 13.419302 52.493603 56458 1.0
65 13.416869 52.54991 411690 1.0
66 13.418722 52.49193 920106 1.0
67 13.403779 52.55129 74018 1.0
68 13.408283 52.55158 285742 1.0
69 13.398215 52.515476 26578 1.0
70 13.398536 52.518867 96948 1.0
71 13.40295 52.537266 244988 1.0
72 13.400782 52.53709 396882 0.345
73 13.368185 52.544952 23226 1.0
74 13.39828 52.53498 190120 1.0
75 13.46427 52.528942 684254 1.0
76 13.355103 52.486763 990716 0.0
77 13.419302 52.493603 56458 1.0
78 13.42052 52.493282 56450 1.0
79 13.307116 52.456192 952920 1.0
80 13.362995 52.413036 603948 1.0
81 13.456788 52.529865 956634 1.0
82 13.404336 52.53313 99650 0.0
83 13.531826 52.430847 477094 1.0
84 13.41348 52.549706 169942 1.0
85 13.403721 52.537197 25244 1.0
86 13.358105 52.547085 359330 1.0
87 13.387824 52.52627 713724 1.0
88 13.384431 52.52227 5786 1.0
89 13.384397 52.52056 704624 1.0
90 13.383793 52.52326 281788 1.0
91 13.401785 52.5296 924014 0.0
92 13.382402 52.52255 777520 1.0
93 13.363613 52.413956 106670 1.0
94 13.424256 52.517834 131998 1.0
95 13.40625 52.535194 48598 1.0
96 13.330835 52.503864 941070 1.0
97 13.392896 52.52748 621042 1.0
98 13.563454 52.542225 69130 1.0
99 13.40222 52.531437 167640 1.0
100 13.394591 52.528717 466362 1.0
101 13.275945 52.448475 678584 1.0
102 13.40108 52.533108 117554 1.0
103 13.280776 52.58913 79922 1.0
104 13.432919 52.49611 689500 1.0
105 13.232662 52.438087 400090 1.0
106 13.367237 52.493263 192544 1.0
107 13.401584 52.532818 397278 1.0
108 13.322688 52.42909 597048 1.0
109 13.325678 52.467102 17042 1.0
110 13.570735 52.541073 949286 1.0
111 13.413159 52.546005 601526 1.0
112 13.377084 52.509322 999805 0.741
113 13.281907 52.58918 265212 1.0
114 13.415274 52.54736 73532 1.0
115 13.308027 52.508877 160090 1.0
116 13.305813 52.507896 13224 1.0
117 13.528723 52.454388 385720 1.0
118 13.526686 52.485546 37212 1.0
119 13.326255 52.50948 850552 0.0
120 13.320491 52.485836 1962 1.0
121 13.303715 52.499817 922544 0.0
122 13.295722 52.5159 843530 1.0
123 13.379077 52.60065 314664 1.0
124 13.466725 52.505375 556584 1.0
125 13.379533 52.509365 517752 1.0
126 13.388181 52.52253 645720 0.0
127 13.293853 52.443867 128404 1.0
128 13.305933 52.50859 385140 1.0
129 13.421292 52.545177 73520 0.0
130 13.342147 52.517365 938104 1.0
131 13.579581 52.497334 163462 1.0
132 13.721807 52.419353 119016 1.0
133 13.433755 52.489938 482773 0.364
134 13.42065 52.496155 100464 1.0
135 13.290867 52.4973 830106 1.0
136 13.324476 52.511326 515528 1.0
137 13.426185 52.543056 513920 1.0
138 13.496101 52.511875 623280 1.0
139 13.464436 52.493286 150538 1.0
140 13.422817 52.541496 25312 0.0
141 13.359654 52.486465 24262 0.0
142 13.46522 52.493015 150540 1.0
143 13.410622 52.518517 848604 1.0
144 13.404949 52.52035 656322 0.0
145 13.454388 52.50293 883864 0.888
146 13.457972 52.593307 33924 0.0
147 13.376992 52.50904 760644 0.0
148 13.281864 52.44802 737764 1.0
149 13.315524 52.44714 601314 1.0
150 13.397018 52.52707 26358 0.0
151 13.206542 52.430508 1288 1.0
152 13.385161 52.44851 610048 1.0
153 13.39344 52.51246 320524 1.0
154 13.44309 52.470573 626638 0.0
155 13.429695 52.500675 554508 1.0
156 13.455713 52.47386 781560 1.0
157 13.325905 52.514572 645600 1.0
158 13.430081 52.499317 333770 1.0
159 13.44118 52.50093 35114 1.0
160 13.411963 52.568043 658402 1.0
161 13.323446 52.52341 336472 1.0
162 13.192993 52.52409 25826 1.0
163 13.214516 52.439479 333032 0.429
164 13.206964 52.5383 61418 1.0
165 13.278539 52.44882 600060 1.0
166 13.388576 52.519733 459200 1.0
167 13.439062 52.488873 383992 1.0
168 13.409704 52.57068 536014 1.0
169 13.404145 52.581776 590788 1.0
170 13.32186 52.456995 111700 0.5
171 13.42472 52.474903 15874 1.0
172 13.409214 52.571026 127342 1.0
173 13.435329 52.491158 35412 1.0
174 13.387874 52.440388 721952 1.0
175 13.390604 52.557487 533416 1.0
176 13.439643 52.477566 853702 1.0
177 13.375878 52.455734 607426 1.0
178 13.305221 52.41787 149202 1.0
179 13.246397 52.56185 100252 1.0
180 13.449475 52.479137 324638 1.0
181 13.413651 52.572002 470056 0.0
182 13.414346 52.57161 842528 1.0
183 13.285184 52.506435 660474 1.0
184 13.408739 52.537655 494214 1.0
185 13.409588 52.538452 891130 1.0
186 13.373725 52.51777 454918 0.323
187 13.467291 52.504898 556586 1.0
188 13.52471 52.45516 709738 1.0
189 13.410412 52.5508 74038 1.0
190 13.303974 52.426716 598716 1.0
191 13.456597 52.490307 354276 1.0
192 13.425036 52.480633 33770 0.0
193 13.432194 52.48809 563552 0.0
194 13.495471 52.51381 352592 1.0
195 13.382382 52.49377 439770 1.0
196 13.507938 52.52795 353816 1.0
197 13.432491 52.51864 28868 1.0
198 13.425107 52.494434 35344 1.0
199 13.35743 52.542313 355830 1.0
200 13.38236 52.51644 158364 1.0
201 13.428922 52.491367 560180 1.0
202 13.260418 52.501053 167432 1.0
203 13.422662 52.5446 86610 1.0
204 13.420352 52.54202 30422 1.0
205 13.432953 52.480106 107030 1.0
206 13.418009 52.49333 228068 1.0
207 13.578451 52.457817 281046 0.0
208 13.224146 52.57483 588116 1.0
209 13.401046 52.520782 248754 1.0
210 13.526437 52.456013 350914 1.0
211 13.379132 52.528984 22884 1.0
212 13.298413 52.48574 504092 0.0
213 13.393549 52.526226 848958 1.0
214 13.296652 52.50146 3164 1.0
215 13.320349 52.481133 16538 1.0
216 13.430815 52.497994 289310 0.895
217 13.500993 52.548534 520006 0.0
218 13.308263 52.51015 11700 1.0
219 13.41972 52.512337 383908 1.0
220 13.482429 52.503414 930016 1.0
221 13.594262 52.448902 187262 0.708
222 13.417173 52.540382 641792 1.0
223 13.470857 52.415436 375806 1.0
224 13.416088 52.544197 355332 1.0
225 13.267362 52.48405 662854 1.0
226 13.422524 52.54466 86608 1.0
227 13.415529 52.54782 73522 1.0
228 13.307664 52.501545 592996 1.0
229 13.431416 52.49866 35176 1.0
230 13.299246 52.50465 259164 1.0
231 13.39979 52.386677 891902 0.547
232 13.462591 52.550808 690830 1.0
233 13.41261 52.531563 339920 1.0
234 13.313301 52.480923 915422 1.0
235 13.412185 52.502636 524186 1.0
236 13.41261 52.531563 339920 1.0
237 13.193728 52.430565 399944 0.0
238 13.502649 52.555546 48134 1.0
239 13.402466 52.53121 99660 1.0
240 13.470913 52.510334 86814 1.0
241 13.232372 52.437397 760828 1.0
242 13.405258 52.54096 396686 1.0
243 13.204489 52.5367 811352 1.0
244 13.323497 52.51381 662720 1.0
245 13.40644 52.536312 25204 0.0
246 13.502514 52.636333 84466 0.0
247 13.309754 52.507843 231240 1.0
248 13.296652 52.501316 14216 1.0
249 13.393911 52.619164 137086 1.0
250 13.323277 52.51419 392938 1.0
251 13.402511 52.523987 439536 1.0
252 13.305597 52.50968 385110 1.0
253 13.321781 52.52103 5122 1.0
254 13.322565 52.5233 336474 1.0
255 13.456324 52.490253 117118 1.0
256 13.417987 52.54202 70912 1.0
257 13.381615 52.453976 395296 1.0
258 13.41164 52.550888 650418 1.0
259 13.280903 52.446987 479912 1.0
260 13.391109 52.51488 121458 0.0
261 13.467215 52.46852 216558 1.0
262 13.396966 52.536934 904608 0.532
263 13.411319 52.551342 487572 0.0
264 13.582679 52.455353 700380 1.0
265 13.385366 52.55271 24112 1.0
266 13.386304 52.553413 24114 1.0
267 13.399117 52.508194 452488 1.0
268 13.387773 52.550465 24218 1.0
269 13.397414 52.53593 805838 1.0
270 13.354688 52.487488 166860 0.0
271 13.208742 52.50957 404194 1.0
272 13.211567 52.509712 404174 1.0
273 13.49403 52.502792 665174 1.0
274 13.49832 52.510048 782776 1.0
275 13.538272 52.528103 273782 0.246
276 13.538245 52.528103 273782 0.189
277 13.421903 52.53549 158592 1.0
278 13.529342 52.4328 493188 0.0
279 13.433858 52.472782 974852 1.0
280 13.300589 52.501797 4470 1.0
281 13.45517 52.51011 191542 1.0
282 13.4851 52.51238 502764 1.0
283 13.401017 52.53005 378060 0.0
284 13.402395 52.52836 378056 1.0
285 13.43611 52.424496 406080 1.0
286 13.540548 52.52685 578688 1.0
287 13.26885 52.51138 24740 0.0
288 13.260406 52.51605 913284 0.0
289 13.292273 52.474823 534876 1.0
290 13.301482 52.488567 1003870 0.158
291 13.292096 52.474648 534872 1.0
292 13.292524 52.4745 534868 0.0
293 13.30499 52.513405 14116 1.0
294 13.281837 52.477505 493586 0.0
295 13.357462 52.487446 454910 1.0
296 13.361479 52.48578 557312 1.0
297 13.39292 52.48923 22200 1.0
298 13.35207 52.48026 583354 1.0
299 13.462487 52.514736 809896 1.0
300 13.39292 52.48923 22200 1.0
301 13.26222 52.515656 170870 1.0
302 13.393034 52.520134 26456 1.0
303 13.424776 52.534985 682392 1.0
304 13.413721 52.55891 544598 1.0
305 13.402466 52.53121 99660 1.0
306 13.261517 52.436443 940782 0.0
307 13.302231 52.60003 98876 1.0
308 13.407604 52.539368 354412 1.0
309 13.360659 52.494457 15462 1.0
310 13.377609 52.537003 969330 1.0
311 13.352754 52.484238 530608 1.0
312 13.325402 52.455524 304158 0.0
313 13.489464 52.51227 740256 1.0
314 13.496664 52.417065 725416 1.0
315 13.230725 52.607876 514474 1.0
316 13.448472 52.512177 774764 1.0
317 13.292853 52.45806 586254 1.0
318 13.414196 52.542763 427050 0.0
319 13.411419 52.540188 358 0.0
320 13.403641 52.523106 27678 1.0
321 13.324843 52.491344 4226 1.0
322 13.324843 52.491344 4226 1.0
323 13.320802 52.502857 8358 1.0
324 13.296178 52.49759 2624 1.0
325 13.335279 52.47247 16992 1.0
326 13.308292 52.503082 516480 1.0
327 13.382227 52.552013 359466 1.0
328 13.289614 52.554886 161664 1.0
329 13.371998 52.546326 18590 1.0
330 13.369382 52.546543 107932 1.0
331 13.340841 52.488332 931742 0.391
332 13.378417 52.55048 18594 1.0
333 13.491408 52.42063 281942 0.0
334 13.375121 52.548264 168046 1.0
335 13.302619 52.500053 560720 1.0
336 13.279097 52.507236 724692 0.0
337 13.258372 52.508053 447752 1.0
338 13.294722 52.50641 4310 1.0
339 13.31402 52.507137 528978 1.0
340 13.42532 52.533875 27882 1.0
341 13.293772 52.505337 4298 0.0
342 13.298181 52.5097 9528 1.0
343 13.544832 52.529842 80742 1.0
344 13.52646 52.458775 607502 0.0
345 13.314556 52.474205 19778 1.0
346 13.533794 52.578625 161108 1.0
347 13.366073 52.58414 43348 1.0
348 13.292663 52.5179 15064 0.0
349 13.300777 52.499878 560716 1.0
350 13.420214 52.53612 73368 1.0
351 13.381893 52.552013 168122 1.0
352 13.364032 52.497295 182964 1.0
353 13.370758 52.545475 18582 0.0
354 13.338074 52.5237 292658 0.0
355 13.349124 52.4904 16016 1.0
356 13.353978 52.49474 15452 0.0
357 13.360721 52.486534 882498 1.0
358 13.351032 52.48621 583346 1.0
359 13.463357 52.42516 396510 1.0
360 13.468743 52.504585 623448 1.0
361 13.346626 52.43622 173482 1.0
362 13.208328 52.56157 139866 1.0
363 13.645585 52.34814 459764 1.0
364 13.315719 52.48935 522198 1.0
365 13.568269 52.444717 680890 1.0
366 13.477975 52.526775 707662 1.0
367 13.326389 52.48658 76512 1.0
368 13.324538 52.487434 2606 1.0
369 13.437213 52.48695 455872 1.0
370 13.39986 52.58098 45698 1.0
371 13.434325 52.49031 562106 1.0
372 13.433713 52.489952 482770 1.0
373 13.415146 52.546806 73534 1.0
374 13.438723 52.48863 383994 1.0
375 13.308038 52.497158 221392 1.0
376 13.433376 52.481792 33784 1.0
377 13.445964 52.47203 167288 1.0
378 13.44309 52.470573 626638 0.0
379 13.454812 52.472748 293072 1.0
380 13.451285 52.471962 294558 1.0
381 13.401783 52.587036 328630 1.0
382 13.401675 52.580555 343200 0.0
383 13.339358 52.494312 576092 1.0
384 13.34408 52.504322 693172 1.0
385 13.333778 52.515144 375184 1.0
386 13.363281 52.566265 31002 1.0
387 13.374563 52.508114 637768 1.0
388 13.545948 52.438423 320212 1.0
389 13.574108 52.445015 83458 1.0
390 13.374645 52.508213 455362 0.0
391 13.322567 52.45872 522534 1.0
392 13.317253 52.504223 522320 1.0
393 13.416169 52.54054 877658 1.0
394 13.321845 52.45857 375166 1.0
395 13.421522 52.53771 172324 1.0
396 13.375149 52.508904 767230 1.0
397 13.456795 52.509506 760578 1.0
398 13.418839 52.54012 636928 1.0
399 13.41051 52.53931 86592 1.0
400 13.406003 52.505535 760713 0.647
401 13.307054 52.51763 644926 1.0
402 13.411419 52.540188 358 0.0
403 13.313509 52.503647 522360 1.0
404 13.322344 52.50369 871708 1.0
405 13.322266 52.504784 6912 1.0
406 13.315034 52.501915 228262 1.0
407 13.339162 52.46283 21812 1.0
408 13.468554 52.51265 553194 1.0
409 13.563057 52.554935 79958 1.0
410 13.41739 52.502594 253918 1.0
411 13.609263 52.53622 956376 1.0
412 13.389602 52.535744 664626 1.0
413 13.420488 52.53379 25286 1.0
414 13.420214 52.53612 73368 1.0
415 13.567799 52.518723 636024 1.0
416 13.290673 52.517868 386016 0.0
417 13.32762 52.464165 720716 1.0
418 13.294999 52.44238 600768 1.0
419 13.399912 52.522877 26394 1.0
420 13.328149 52.4645 230180 0.0
421 13.405018 52.54033 354410 1.0
422 13.433432 52.498367 428020 0.0
423 13.353198 52.489902 336444 0.0
424 13.366291 52.553356 31340 1.0
425 13.374961 52.506935 88296 1.0
426 13.389895 52.51124 916378 1.0
427 13.301863 52.473705 176504 1.0
428 13.322751 52.485508 421764 1.0
429 13.390128 52.508095 158486 1.0
430 13.286267 52.45307 38960 1.0
431 13.487668 52.551205 111112 1.0
432 13.368025 52.552074 177594 1.0
433 13.408173 52.530453 25274 1.0
434 13.457055 52.51171 395176 0.0
435 13.535493 52.43309 542156 0.0
436 13.513084 52.449158 182796 1.0
437 13.427766 52.492004 884824 1.0
438 13.393627 52.524994 989650 1.0
439 13.410368 52.520874 837160 1.0
440 13.47014 52.506035 702238 1.0
441 13.434511 52.498493 427808 1.0
442 13.314978 52.514378 166056 1.0
443 13.40087 52.526154 465210 0.0
444 13.300138 52.52128 11614 1.0
445 13.362079 52.552013 288856 1.0
446 13.413185 52.532806 340948 1.0
447 13.330155 52.525646 18162 1.0
448 13.417036 52.502567 289220 1.0
449 13.416695 52.502 35458 0.0
450 13.330668 52.52724 39198 0.0
451 13.417978 52.50003 374880 1.0
452 13.418918 52.501385 35458 1.0
453 13.431183 52.50093 374920 0.0
454 13.430443 52.499 453208 1.0
455 13.42853 52.498676 659190 1.0
456 13.405633 52.496044 464128 1.0
457 13.41492 52.502476 56530 0.0
458 13.393292 52.516342 714880 1.0
459 13.417296 52.49977 374872 1.0
460 13.418189 52.50013 884304 1.0
461 13.420316 52.501 299584 1.0
462 13.415364 52.503056 27466 1.0
463 13.454991 52.51614 199012 1.0
464 13.375515 52.54243 18616 0.0
465 13.526977 52.48206 579522 1.0
466 13.201551 52.505848 182666 1.0
467 13.409715 52.533676 2550 0.0
468 13.339049 52.52666 646328 1.0
469 13.397326 52.529373 466366 1.0
470 13.367822 52.488274 684010 0.661
471 13.385128 52.49834 577366 1.0
472 13.442289 52.48576 75212 1.0
473 13.293655 52.517582 15050 0.0
474 13.383322 52.530495 1004506 1.0
475 13.346342 52.436703 394394 1.0
476 13.420352 52.54202 30422 1.0
477 13.410408 52.53744 688606 0.0
478 13.414502 52.55459 101950 1.0
479 13.443954 52.484577 627896 1.0
480 13.322872 52.51053 413152 1.0
481 13.386654 52.500984 89362 1.0
482 13.396276 52.44018 981384 0.215
483 13.337795 52.505047 609258 1.0
484 13.382897 52.48321 609722 1.0
485 13.441112 52.479195 452104 1.0
486 13.146316 52.416138 8878 1.0
487 13.348222 52.541183 719704 1.0
488 13.367649 52.508698 23616 1.0
489 13.411228 52.49144 501348 1.0
490 13.347743 52.540993 743088 1.0
491 13.328484 52.50583 497982 1.0
492 13.296388 52.46431 392918 1.0
493 13.394081 52.490326 375798 1.0
494 13.394184 52.52729 828554 1.0
495 13.421685 52.48721 497698 0.0
496 13.422772 52.487045 915826 1.0
497 13.387743 52.526287 713726 1.0
498 13.392896 52.52748 621042 1.0
499 13.408266 52.488895 33796 1.0
500 13.410136 52.490566 447336 1.0
501 13.417832 52.534523 572118 0.0
502 13.408285 52.489605 447352 1.0
503 13.402183 52.523064 387070 1.0
504 13.454039 52.506943 542426 1.0
505 13.277233 52.506145 922924 1.0
506 13.400238 52.52251 276062 1.0
507 13.417184 52.51244 27308 1.0
508 13.431502 52.532074 28032 1.0
509 13.29038 52.49824 2124 1.0
510 13.394428 52.488266 511330 0.0
511 13.388784 52.5201 478334 1.0
512 13.391111 52.520363 604518 1.0
513 13.396332 52.489227 820056 1.0
514 13.397895 52.546284 24344 1.0
515 13.396208 52.53172 244874 1.0
516 13.442548 52.47229 627142 1.0
517 13.423472 52.47895 440518 1.0
518 13.415554 52.49457 252672 1.0
519 13.385773 52.509594 566404 0.0
520 13.423475 52.490894 580694 1.0
521 13.409715 52.53857 86594 1.0
522 13.411579 52.537872 283292 1.0
523 13.341478 52.43383 140536 1.0
524 13.327232 52.4296 165910 1.0
525 13.423955 52.477386 440518 0.0
526 13.343925 52.438652 214422 1.0
527 13.406747 52.535713 48596 0.0
528 13.465671 52.55347 66790 1.0
529 13.4666 52.51712 347260 1.0
530 13.402043 52.489887 419332 1.0
531 13.428819 52.48831 746604 1.0
532 13.435541 52.532684 28060 1.0
533 13.295131 52.43768 599138 1.0
534 13.425705 52.492443 35334 1.0
535 13.349503 52.524414 159018 1.0
536 13.349322 52.524582 139804 1.0
537 13.349503 52.524414 159018 1.0
538 13.349503 52.524414 159018 1.0
539 13.348587 52.52213 159016 1.0
540 13.348587 52.52213 159016 1.0
541 13.376719 52.521755 5770 1.0
542 13.444204 52.49992 718970 1.0
543 13.466231 52.51184 36236 0.0
544 13.278885 52.48 19572 1.0
545 13.309877 52.502026 13396 1.0
546 13.590277 52.52076 679696 1.0
547 13.416095 52.540356 877654 0.0
548 13.333203 52.525505 304252 0.0
549 13.348597 52.523598 41140 1.0
550 13.256272 52.42889 94502 0.0
551 13.332713 52.47444 16994 0.0
552 13.328547 52.504726 497734 1.0
553 13.526887 52.50904 286006 0.633
554 13.37106 52.564354 868006 1.0
555 13.403695 52.56553 590398 1.0
556 13.290192 52.55376 161680 1.0
557 13.575692 52.44485 186766 1.0
558 13.400314 52.565697 686304 1.0
559 13.39438 52.569772 232184 0.643
560 13.410447 52.538292 356252 1.0
561 13.426452 52.491993 884822 1.0
562 13.428967 52.487766 468902 1.0
563 13.398181 52.52503 743724 1.0
564 13.420583 52.49625 167980 1.0
565 13.426291 52.494694 603762 0.0
566 13.419035 52.530758 158618 1.0
567 13.279777 52.518288 870992 1.0
568 13.316396 52.51788 19358 1.0
569 13.426401 52.49876 263380 1.0
570 13.434656 52.499874 456478 1.0
571 13.398719 52.533062 354688 1.0
572 13.428681 52.486702 247520 1.0
573 13.424582 52.528126 339884 0.812
574 13.431502 52.532074 28032 1.0
575 13.323553 52.50232 5630 1.0
576 13.330479 52.46926 603828 1.0
577 13.325359 52.503098 517724 1.0
578 13.423369 52.495472 706366 1.0
579 13.354692 52.618004 51820 1.0
580 13.325585 52.50464 517720 1.0
581 13.367906 52.550762 389570 1.0
582 13.309602 52.507843 298764 0.09
583 13.321473 52.50282 8360 1.0
584 13.320802 52.502857 8358 1.0
585 13.383099 52.4924 179824 1.0
586 13.40958 52.55248 25138 1.0
587 13.19609 52.53035 61356 1.0
588 13.411113 52.503033 836316 1.0
589 13.296905 52.519554 540504 1.0
590 13.29705 52.506844 869892 1.0
591 13.314473 52.57103 17472 1.0
592 13.285393 52.508213 29430 1.0
593 13.305798 52.448166 154240 1.0
594 13.467172 52.552998 693202 1.0
595 13.401169 52.547497 30372 1.0
596 13.299076 52.511185 285798 1.0
597 13.32761 52.50546 533192 1.0
598 13.391451 52.512222 1005086 0.0
599 13.508263 52.49967 683036 1.0
600 13.430913 52.49782 263412 1.0
601 13.376515 52.51038 761410 0.0
602 13.376805 52.51236 250392 1.0
603 13.44417 52.560593 34306 0.0
604 13.214172 52.439407 333032 1.0
605 13.600941 52.479244 114446 0.0
606 13.41498 52.50395 101990 0.0
607 13.278027 52.588398 276118 1.0
608 13.501319 52.626957 376290 1.0
609 13.438965 52.49687 104480 1.0
610 13.470217 52.511333 593740 1.0
611 13.444664 52.48512 251620 1.0
612 13.410755 52.552383 25142 1.0
613 13.408053 52.536995 494216 1.0
614 13.444443 52.483635 444056 1.0
615 13.428681 52.486702 247520 1.0
616 13.320117 52.471592 16192 0.0
617 13.417601 52.49284 228065 0.364
618 13.323302 52.491528 79676 1.0
619 13.418421 52.493885 252678 1.0
620 13.418273 52.493664 228070 1.0
621 13.28364 52.589504 927070 0.0
622 13.414556 52.49312 226928 1.0
623 13.409588 52.538452 891130 1.0
624 13.644728 52.378765 897520 0.0
625 13.282804 52.589306 265214 1.0
626 13.303873 52.501995 3172 1.0
627 13.434147 52.536945 46154 1.0
628 13.28712 52.59013 489092 1.0
629 13.432953 52.480106 107030 1.0
630 13.363557 52.526436 33158 1.0
631 13.427101 52.487274 247524 1.0
632 13.429486 52.486286 849988 0.0
633 13.438155 52.500397 301922 1.0
634 13.314797 52.518 19348 1.0
635 13.450862 52.522438 48444 1.0
636 13.439214 52.499702 104470 1.0
637 13.494683 52.514328 67198 0.0
638 13.386305 52.5316 1004880 1.0
639 13.296652 52.501316 14216 1.0
640 13.294465 52.513428 15058 1.0
641 13.297944 52.501057 1954 0.0
642 13.29919 52.500656 1952 0.0
643 13.462272 52.51319 16496 1.0
644 13.291163 52.506634 11846 0.0
645 13.432633 52.4694 626942 1.0
646 13.432415 52.470142 329404 0.0
647 13.171373 52.482647 980598 1.0
648 13.575049 52.446465 109936 0.0
649 13.373981 52.509483 999828 1.0
650 13.665085 52.410964 621309 0.75
651 13.323408 52.517048 853770 1.0
652 13.144901 52.45266 82540 0.0
653 13.3865 52.49057 11558 1.0
654 13.393386 52.512802 320522 1.0
655 13.442963 52.499138 98680 0.0
656 13.419068 52.49449 776196 1.0
657 13.203632 52.537476 59404 1.0
658 13.392191 52.490547 375800 1.0
659 13.395598 52.50674 954404 1.0
660 13.331503 52.463837 19756 0.0
661 13.576339 52.44601 493768 1.0
662 13.436876 52.51703 801934 1.0
663 13.429317 52.500854 285312 1.0
664 13.231811 52.585716 998208 1.0
665 13.417649 52.51342 667936 1.0
666 13.419982 52.50225 299594 1.0
667 13.348799 52.52465 956268 1.0
668 13.417271 52.50054 56524 1.0
669 13.437863 52.536 28176 1.0
670 13.440405 52.50063 931498 1.0
671 13.420056 52.550735 590876 1.0
672 13.311743 52.571724 208530 1.0
673 13.380491 52.46576 608080 1.0
674 13.413208 52.512608 27282 1.0
675 13.42952 52.467655 280712 1.0
676 13.4316 52.501396 285314 0.0
677 13.430186 52.467747 937286 1.0
678 13.427673 52.468113 280714 0.0
679 13.328673 52.458794 475644 1.0
680 13.46102 52.51108 118102 1.0
681 13.3764 52.52853 997514 1.0
682 13.463598 52.514828 480248 1.0
683 13.199477 52.535522 960206 1.0
684 13.404749 52.48866 834410 0.0
685 13.385357 52.455906 306264 1.0
686 13.422524 52.54466 86608 1.0
687 13.422424 52.476906 561286 1.0
688 13.203632 52.537476 59404 1.0
689 13.390524 52.545765 343254 1.0
690 13.411497 52.48951 488802 0.0
691 13.412498 52.532784 282264 1.0
692 13.36286 52.56537 160928 1.0
693 13.461518 52.512115 16498 1.0
694 13.46102 52.51108 118102 1.0
695 13.307277 52.50888 160152 1.0
696 13.449795 52.521584 29074 1.0
697 13.439214 52.499702 104470 1.0
698 13.423597 52.500088 81456 0.0
699 13.156855 52.53337 547266 0.0
700 13.424651 52.528126 339882 1.0
701 13.381174 52.465637 608262 1.0
702 13.383544 52.465794 491652 1.0
703 13.431144 52.536957 27960 1.0
704 13.489452 52.46389 576182 1.0
705 13.424868 52.481663 15842 0.0
706 13.430317 52.53724 27962 1.0
707 13.328157 52.48019 9152 1.0
708 13.329798 52.46615 454860 1.0
709 13.459698 52.49463 996428 0.0
710 13.320982 52.458004 487112 0.0
711 13.271036 52.536514 161560 0.0
712 13.313886 52.46431 11468 1.0
713 13.569628 52.563152 78740 1.0
714 13.265663 52.536816 161576 0.0
715 13.624474 52.44813 76496 1.0
716 13.385959 52.516975 692918 1.0
717 13.398055 52.483444 355728 1.0
718 13.397416 52.42389 38934 1.0
719 13.402525 52.519066 711906 0.0
720 13.402846 52.520115 654808 0.0
721 13.293783 52.461937 90958 1.0
722 13.402726 52.52423 595992 1.0
723 13.287604 52.452885 658592 1.0
724 13.289735 52.45294 192692 0.0
725 13.459069 52.52048 261724 1.0
726 13.42487 52.481876 290754 1.0
727 13.461049 52.550568 207926 1.0
728 13.295505 52.497932 298264 1.0
729 13.361862 52.5494 19102 1.0
730 13.462703 52.54972 289070 1.0
731 13.387393 52.51019 22308 1.0
732 13.389332 52.458683 404594 0.0
733 13.402846 52.520115 654808 0.0
734 13.423035 52.499043 659138 1.0
735 13.406291 52.54745 817578 1.0
736 13.37365 52.50637 790542 1.0
737 13.427959 52.488342 627266 1.0
738 13.383484 52.530674 977674 1.0
739 13.514515 52.505314 721190 1.0
740 13.425583 52.489407 560706 1.0
741 13.51776 52.509888 36762 1.0
742 13.431712 52.48955 561594 1.0
743 13.424283 52.539555 878506 1.0
744 13.430384 52.533314 853980 1.0
745 13.431479 52.552177 46580 0.0
746 13.379498 52.5235 22866 1.0
747 13.324045 52.486702 165002 1.0
748 13.326244 52.48645 76510 1.0
749 13.467411 52.553944 271340 0.462
750 13.206894 52.56209 120560 1.0
751 13.34776 52.48899 926428 1.0
752 13.346185 52.489204 618784 1.0
753 13.573865 52.44322 571374 1.0
754 13.443397 52.484165 614106 1.0
755 13.422382 52.540405 577860 1.0
756 13.451536 52.509598 447670 1.0
757 13.355866 52.54306 817880 1.0
758 13.444726 52.492855 897156 1.0
759 13.405018 52.54033 354410 1.0
760 13.411359 52.521687 463672 1.0
761 13.428109 52.493313 468504 1.0
762 13.612215 52.51179 472992 1.0
763 13.353666 52.493446 406398 1.0
764 13.353258 52.49104 406402 1.0
765 13.41858 52.530193 158626 1.0
766 13.353258 52.49104 406402 1.0
767 13.433019 52.468117 320218 1.0
768 13.625069 52.4538 807910 1.0
769 13.386909 52.531258 418744 1.0
770 13.37802 52.444633 342904 0.0
771 13.412749 52.548637 419646 1.0
772 13.379064 52.498085 97304 1.0
773 13.423333 52.493088 368 1.0
774 13.409836 52.54813 30366 1.0
775 13.426369 52.490124 35348 1.0
776 13.336992 52.52656 185080 1.0
777 13.413564 52.5116 658098 1.0
778 13.327786 52.428623 925556 1.0
779 13.428061 52.492925 468506 0.571
780 13.413183 52.511723 226186 0.0
781 13.289742 52.63328 712880 1.0
782 13.428025 52.492634 35336 1.0
783 13.331636 52.53221 265972 1.0
784 13.379043 52.524864 868826 1.0
785 13.386368 52.51367 22280 1.0
786 13.448256 52.47757 394762 1.0
787 13.396898 52.532467 87576 1.0
788 13.391997 52.520058 26458 1.0
789 13.430587 52.48645 627598 1.0
790 13.356593 52.523613 872836 1.0
791 13.460909 52.510858 130505 0.14
792 13.319819 52.512867 694618 0.0
793 13.410176 52.528046 909174 0.0
794 13.40943 52.52894 909092 1.0
795 13.446256 52.549973 580558 1.0
796 13.335232 52.530586 916830 0.0
797 13.502867 52.45549 293824 0.0
798 13.502867 52.45549 293824 0.0
799 13.38693 52.549786 854666 1.0
800 13.421457 52.495598 644868 1.0
801 13.287015 52.43385 600410 1.0
802 13.421903 52.53549 158592 1.0
803 13.30104 52.5261 593288 0.0
804 13.448101 52.49072 627480 1.0
805 13.404675 52.527573 27692 1.0
806 13.406545 52.527233 27690 1.0
807 13.407454 52.523838 428686 1.0
808 13.311266 52.508873 313204 0.0
809 13.405257 52.523468 393388 1.0
810 13.4642 52.509617 88436 1.0
811 13.335679 52.47151 503250 1.0
812 13.440287 52.48947 752890 1.0
813 13.25987 52.43044 411988 1.0
814 13.439214 52.499702 104470 1.0
815 13.335914 52.521988 316610 1.0
816 13.398666 52.522995 143048 1.0
817 13.578451 52.457817 281046 0.0
818 13.402683 52.533478 117558 1.0
819 13.415206 52.544155 683976 1.0
820 13.460055 52.517292 542454 1.0
821 13.436184 52.48372 534624 1.0
822 13.434718 52.46898 269168 1.0
823 13.216934 52.438923 969498 1.0
824 13.371763 52.533237 410566 1.0
825 13.43598 52.48218 272282 0.0
826 13.322049 52.497253 8520 1.0
827 13.427593 52.490227 35350 1.0
828 13.43598 52.48218 272282 0.0
829 13.412515 52.568325 44710 1.0
830 13.38289 52.52311 668772 1.0
831 13.412827 52.49055 776194 0.324
832 13.483186 52.49681 367188 1.0
833 13.39978 52.522022 143032 1.0
834 13.402091 52.528965 370506 1.0
835 13.446578 52.521362 28916 1.0
836 13.3361 52.523415 310926 1.0
837 13.412969 52.546776 30354 1.0
838 13.405422 52.548725 817566 1.0
839 13.443907 52.500076 124458 0.0
840 13.442267 52.498463 35160 1.0
841 13.301297 52.49467 482676 1.0
842 13.421985 52.499027 659161 0.982
843 13.433525 52.531208 28034 1.0
844 13.329119 52.52124 689988 1.0
845 13.346265 52.503704 641542 1.0
846 13.373891 52.50947 999824 1.0
847 13.56362 52.57082 458840 1.0
848 13.448519 52.5124 853292 0.0
849 13.484297 52.4633 571256 1.0
850 13.423982 52.48985 521424 1.0
851 13.384354 52.53205 23462 0.0
852 13.323135 52.491047 719430 0.0
853 13.249256 52.610035 649264 1.0
854 13.419536 52.543182 30332 1.0
855 13.261969 52.487827 788744 1.0
856 13.297907 52.510456 9526 1.0
857 13.389668 52.52577 4682 1.0
858 13.261341 52.444695 41932 1.0
859 13.393977 52.526485 324294 1.0
860 13.392896 52.52748 621042 1.0
861 13.39354 52.5264 324296 1.0
862 13.393407 52.525993 645080 0.0
863 13.400814 52.522522 142142 1.0
864 13.390853 52.504517 660090 1.0
865 13.257287 52.435043 599292 1.0
866 13.412672 52.541386 354698 1.0
867 13.354459 52.498238 231128 1.0
868 13.414556 52.49312 226928 1.0
869 13.482468 52.50409 451752 1.0
870 13.403474 52.519615 885410 0.0
871 13.440391 52.49659 35160 0.0
872 13.421033 52.48189 278788 1.0
873 13.261501 52.51674 170838 1.0
874 13.405018 52.54033 354410 1.0
875 13.408846 52.522915 142184 0.0
876 13.474241 52.45349 390960 0.0
877 13.401751 52.52199 654544 0.0
878 13.454704 52.507397 542398 1.0
879 13.35825 52.49443 650158 1.0
880 13.379608 52.522854 443296 0.0
881 13.327902 52.473034 176860 0.0
882 13.33582 52.528564 18190 1.0
883 13.405951 52.531082 25264 1.0
884 13.477806 52.50467 434738 1.0
885 13.437622 52.50331 693496 1.0
886 13.45642 52.50183 280004 0.0
887 13.446 52.54622 693348 1.0
888 13.412723 52.55398 350428 1.0
889 13.297343 52.495617 298224 1.0
890 13.431502 52.532074 28032 1.0
891 13.395331 52.527817 786034 1.0
892 13.458391 52.51056 130518 1.0
893 13.395463 52.525032 658556 1.0
894 13.397901 52.524956 743720 1.0
895 13.353309 52.492004 406400 1.0
896 13.353666 52.493446 406398 1.0
897 13.353666 52.493446 406398 1.0
898 13.353666 52.493446 406398 1.0
899 13.353911 52.497036 16006 1.0
900 13.353911 52.497036 16006 1.0
901 13.388354 52.43912 631930 1.0
902 13.294 52.508909 177556 0.833
903 13.391111 52.520363 604518 1.0
904 13.455795 52.507626 398772 1.0
905 13.433302 52.470802 870160 1.0
906 13.397983 52.53507 711214 1.0
907 13.332956 52.501728 512936 1.0
908 13.328391 52.46814 271694 1.0
909 13.326866 52.50202 674712 0.0
910 13.333597 52.50421 254996 1.0
911 13.32249 52.497105 4232 1.0
912 13.431173 52.48569 627729 0.167
913 13.32177 52.493023 4134 1.0
914 13.456634 52.510838 130518 0.0
915 13.29743 52.49726 977136 0.0
916 13.319855 52.50589 298662 1.0
917 13.45644 52.507412 34802 0.0
918 13.423175 52.53522 27924 1.0
919 13.35449 52.49732 983530 1.0
920 13.624425 52.447693 76494 1.0
921 13.352212 52.496796 16004 1.0
922 13.35429 52.49809 983524 1.0
923 13.323332 52.49778 8496 1.0
924 13.432448 52.48388 324626 1.0
925 13.453033 52.503267 883868 0.811
926 13.323332 52.49778 8496 1.0
927 13.326918 52.496437 8296 1.0
928 13.312592 52.51311 911658 1.0
929 13.422812 52.532867 824000 0.0
930 13.309633 52.47631 487736 1.0
931 13.394318 52.519257 886328 1.0
932 13.441768 52.482933 324612 1.0
933 13.333258 52.528797 713448 1.0
934 13.407777 52.517284 711848 1.0
935 13.301482 52.509796 14696 1.0
936 13.427953 52.491993 468508 1.0
937 13.322266 52.504784 6912 1.0
938 13.41089 52.530045 689016 1.0
939 13.319816 52.50406 455768 1.0
940 13.319816 52.50406 455768 1.0
941 13.325779 52.531715 282484 1.0
942 13.322504 52.511234 641870 1.0
943 13.38016 52.516666 759754 1.0
944 13.379976 52.51656 759750 1.0
945 13.385432 52.52352 668730 1.0
946 13.320826 52.505157 2412 1.0
947 13.28805 52.518898 259086 1.0
948 13.289226 52.631935 819570 1.0
949 13.400814 52.548405 147124 1.0
950 13.290194 52.518368 96866 1.0
951 13.407135 52.533257 25258 1.0
952 13.428415 52.484432 37690 1.0
953 13.422536 52.532963 824006 0.0
954 13.416935 52.53534 595700 1.0
955 13.422746 52.532993 27914 1.0
956 13.422825 52.532967 27916 1.0
957 13.328606 52.47712 817656 1.0
958 13.430723 52.46847 269172 0.0
959 13.41254 52.493397 763302 1.0
960 13.430777 52.499866 679016 1.0
961 13.424089 52.532536 27880 1.0
962 13.419596 52.531273 915128 0.0
963 13.311448 52.511993 1002856 1.0
964 13.39592 52.496105 872746 0.0
965 13.431156 52.483196 265620 1.0
966 13.4263 52.485283 688646 0.0
967 13.316997 52.50252 838500 1.0
968 13.436664 52.470833 197672 1.0
969 13.3258 52.482704 721300 1.0
970 13.319571 52.486523 2664 1.0
971 13.542723 52.527584 282052 0.0
972 13.423301 52.500576 81456 1.0
973 13.420826 52.495617 460404 0.339
974 13.420645 52.495384 580718 1.0
975 13.306154 52.50861 11002 1.0
976 13.431502 52.532074 28032 1.0
977 13.412094 52.523468 658538 1.0
978 13.291605 52.553947 92478 1.0
979 13.418338 52.529636 176980 1.0
980 13.336215 52.526726 355864 1.0
981 13.40656 52.538498 824176 0.0
982 13.544932 52.436768 580270 1.0
983 13.5548 52.501064 617718 1.0
984 13.292851 52.446327 185246 0.0
985 13.359439 52.55076 19100 1.0
986 13.347978 52.5213 572834 1.0
987 13.341384 52.45076 858420 1.0
988 13.323998 52.512024 660642 1.0
989 13.307308 52.499348 255064 1.0
990 13.338749 52.44895 444736 1.0
991 13.280787 52.587013 967088 1.0
992 13.373469 52.486504 221522 1.0
993 13.367173 52.551334 916780 1.0
994 13.394178 52.485852 634942 0.067
995 13.314838 52.512596 961732 1.0
996 13.33352 52.505276 795104 1.0
997 13.293868 52.5118 21216 1.0
998 13.327971 52.46456 230180 1.0
999 13.393939 52.49161 146846 1.0
1000 13.561266 52.537926 65996 1.0
1001 13.407604 52.539368 354412 1.0
0 13.457231 52.4299 539028 0.377
1 13.289447 52.48897 8108 1.0
2 13.453539 52.429638 389624 1.0
3 13.456 52.4299 539036 0.0
4 13.47016 52.506256 16486 1.0
5 13.385117 52.46424 249466 1.0
6 13.388687 52.54932 403822 1.0
7 13.388782 52.5501 24190 1.0
8 13.293308 52.474472 534878 1.0
9 13.266063 52.512947 170804 1.0
10 13.400803 52.414524 40318 1.0
11 13.400744 52.415 279820 1.0
12 13.157813 52.532463 837396 0.0
13 13.268083 52.536743 279194 1.0
14 13.291195 52.475163 4208 1.0
15 13.294682 52.474094 473574 1.0
16 13.486293 52.6185 481084 1.0
17 13.578686 52.45702 335084 1.0
18 13.392473 52.54294 359572 1.0
19 13.421817 52.53946 877684 1.0
20 13.258678 52.508293 941984 1.0
21 13.266073 52.508969 504770 0.889
22 13.266475 52.513195 14866 1.0
23 13.3491 52.481556 846100 0.0
24 13.504198 52.563583 47952 1.0
25 13.491557 52.420765 477712 1.0
26 13.422036 52.534832 961534 0.0
27 13.501545 52.566086 47142 1.0
28 13.35418 52.41342 267136 1.0
29 13.404981 52.5285 281662 1.0
30 13.405526 52.50981 27240 1.0
31 13.334749 52.471493 17002 1.0
32 13.322759 52.488926 719432 1.0
33 13.283811 52.505817 13248 1.0
34 13.331422 52.48552 689712 1.0
35 13.340408 52.489697 931716 0.0
36 13.496866 52.416676 610816 1.0
37 13.496829 52.41828 633174 1.0
38 13.491408 52.42063 281942 0.0
39 13.497866 52.41938 633198 1.0
40 13.388037 52.493885 1005456 1.0
41 13.442747 52.467796 106984 1.0
42 13.45509 52.473103 293062 1.0
43 13.439943 52.47489 827374 1.0
44 13.377584 52.549263 278856 1.0
45 13.36983 52.525063 787650 0.0
46 13.68628 52.442314 470708 0.0
47 13.314403 52.474228 19810 1.0
48 13.333516 52.593395 343962 1.0
49 13.510529 52.45639 923570 0.0
50 13.414207 52.553898 350426 1.0
51 13.289508 52.63294 588546 1.0
52 13.270524 52.50208 973746 1.0
53 13.403531 52.38668 2322 0.986
54 13.258864 52.43222 1008290 1.0
55 13.407738 52.489525 446284 1.0
56 13.415271 52.543743 354516 1.0
57 13.393868 52.489246 820000 0.0
58 13.422441 52.500416 299590 1.0
59 13.431728 52.497456 263416 1.0
60 13.519863 52.566105 64986 1.0
61 13.287266 52.632454 693266 1.0
62 13.420358 52.532406 27900 0.0
63 13.469325 52.506622 16490 1.0
64 13.546934 52.437847 675338 1.0
65 13.509865 52.495983 914260 1.0
66 13.30553 52.509945 11686 1.0
67 13.325096 52.606915 390072 1.0
68 13.403076 52.56951 89840 0.0
69 13.508823 52.451458 700502 1.0
70 13.393733 52.489113 22202 1.0
71 13.301803 52.473545 176502 1.0
72 13.439205 52.52588 266514 1.0
73 13.416492 52.49894 1005678 0.0
74 13.319707 52.49975 192574 1.0
75 13.468615 52.506947 16492 1.0
76 13.38398 52.45674 869414 1.0
77 13.413963 52.502197 931932 1.0
78 13.287725 52.63205 693278 1.0
79 13.418211 52.499607 1005692 1.0
80 13.587063 52.522934 730540 0.0
81 13.587506 52.521034 670596 1.0
82 13.278535 52.50497 30184 1.0
83 13.275482 52.505875 72214 0.0
84 13.214774 52.439533 333032 0.0
85 13.427306 52.49897 659186 1.0
86 13.417069 52.499016 1005678 1.0
87 13.455211 52.51201 502110 1.0
88 13.208188 52.560642 656132 1.0
89 13.259507 52.43308 1008282 1.0
90 13.449253 52.505306 513102 1.0
91 13.397543 52.48697 487176 1.0
92 13.438033 52.47829 385672 1.0
93 13.345189 52.486446 185748 0.564
94 13.339893 52.503006 609198 1.0
95 13.157271 52.419052 473160 0.0
96 13.420463 52.49121 35324 1.0
97 13.424571 52.488884 521428 1.0
98 13.47451 52.51361 487608 1.0
99 13.329703 52.429066 140490 1.0
100 13.459277 52.51041 130520 1.0
101 13.306456 52.505665 271502 1.0
102 13.457055 52.51171 395176 0.0
103 13.46046 52.51093 133310 1.0
104 13.495712 52.53465 489018 1.0
105 13.27344 52.50988 916840 1.0
106 13.25934 52.431355 472686 1.0
107 13.340053 52.48958 15698 1.0
108 13.471037 52.613617 591510 1.0
109 13.495583 52.535515 489008 1.0
110 13.32931 52.563457 685532 1.0
111 13.312284 52.422554 538520 1.0
112 13.412643 52.524612 174470 1.0
113 13.459087 52.512555 320571 0.823
114 13.332755 52.59535 659820 1.0
115 13.275127 52.509644 707792 0.0
116 13.303101 52.505642 969568 1.0
117 13.474415 52.536045 206670 1.0
118 13.311037 52.46765 998984 1.0
119 13.262901 52.438385 940832 1.0
120 13.32547 52.486652 475192 1.0
121 13.423269 52.486988 562494 1.0
122 13.259912 52.43344 694658 1.0
123 13.354857 52.59704 565770 1.0
124 13.259064 52.4324 332170 0.0
125 13.260955 52.436077 366040 1.0
126 13.453929 52.514973 330284 1.0
127 13.442861 52.50062 124460 1.0
128 13.418902 52.583527 445180 0.0
129 13.330379 52.46672 454862 1.0
130 13.327319 52.479885 9124 0.488
131 13.418824 52.583626 446376 1.0
132 13.474877 52.513573 432176 1.0
133 13.418839 52.54012 636928 1.0
134 13.261517 52.436443 940782 0.0
135 13.389089 52.514656 1001876 0.0
136 13.448425 52.50554 707284 0.0
137 13.417978 52.50003 374880 1.0
138 13.428018 52.486813 123686 1.0
139 13.403351 52.522366 503036 1.0
140 13.39318 52.4262 802306 1.0
141 13.397253 52.53242 1004832 1.0
142 13.28979 52.55385 161672 1.0
143 13.411834 52.540585 270956 1.0
144 13.421865 52.492935 697754 1.0
145 13.422139 52.49282 521408 1.0
146 13.307329 52.517086 919344 1.0
147 13.337141 52.50508 609248 1.0
148 13.43349 52.48221 684140 1.0
149 13.290235 52.633526 707438 1.0
150 13.440182 52.517868 791092 1.0
151 13.450335 52.50863 133066 1.0
152 13.577859 52.456825 493870 1.0
153 13.231455 52.43791 400074 1.0
154 13.421846 52.485672 559500 1.0
155 13.347196 52.553246 20730 1.0
156 13.417085 52.49248 226930 1.0
157 13.196769 52.52554 25812 1.0
158 13.422704 52.492195 35334 0.0
159 13.42754 52.57292 472516 1.0
160 13.302021 52.50671 868768 1.0
161 13.358169 52.546864 18552 1.0
162 13.285381 52.589977 489078 1.0
163 13.414874 52.522045 792424 1.0
164 13.416595 52.51127 27304 1.0
165 13.319424 52.501522 5606 1.0
166 13.353074 52.54989 767790 0.0
167 13.355503 52.54856 359342 1.0
168 13.457933 52.52955 814232 1.0
169 13.468111 52.50439 623446 1.0
170 13.313861 52.506527 600810 1.0
171 13.461463 52.515827 642496 0.0
172 13.42853 52.498676 659190 1.0
173 13.215536 52.43817 1074 1.0
174 13.375764 52.50895 760970 1.0
175 13.432484 52.511864 849686 1.0
176 13.204222 52.536842 811348 0.0
177 13.574944 52.445812 108388 1.0
178 13.328181 52.567585 440734 1.0
179 13.574752 52.45282 473880 1.0
180 13.306715 52.506847 11008 1.0
181 13.353238 52.549824 359354 1.0
182 13.300512 52.58334 246208 1.0
183 13.283332 52.58987 938830 1.0
184 13.568621 52.5709 949746 1.0
185 13.326054 52.509827 353546 1.0
186 13.493693 52.635906 860214 1.0
187 13.259064 52.4324 332170 0.0
188 13.315825 52.50611 13240 0.0
189 13.416905 52.51187 27306 1.0
190 13.520916 52.498024 327810 0.0
191 13.317915 52.506 298660 1.0
192 13.423821 52.51342 878002 1.0
193 13.424133 52.49947 778978 1.0
194 13.314838 52.512596 961732 1.0
195 13.424566 52.528126 339884 1.0
196 13.248385 52.53992 541420 1.0
197 13.412626 52.533146 282262 1.0
198 13.236218 52.541958 272984 1.0
199 13.246655 52.537292 246666 1.0
200 13.490874 52.511944 938184 1.0
201 13.350726 52.53262 917202 1.0
202 13.468589 52.515083 541318 1.0
203 13.432165 52.497295 658302 1.0
204 13.525124 52.402956 997973 0.6
205 13.373896 52.509475 999826 0.5
206 13.40746 52.52906 848996 1.0
207 13.453107 52.42927 658368 1.0
208 13.332239 52.46851 454866 1.0
209 13.425378 52.488197 371020 1.0
210 13.485418 52.514694 221500 1.0
211 13.545862 52.542953 556522 0.0
212 13.384803 52.44677 738350 1.0
213 13.461271 52.524204 897918 0.0
214 13.341205 52.525417 983950 0.0
215 13.336215 52.526726 355864 1.0
216 13.576307 52.458454 281042 0.0
217 13.446831 52.436935 280156 0.0
218 13.164905 52.521523 459340 1.0
219 13.164286 52.52155 57856 1.0
220 13.487449 52.465878 571242 1.0
221 13.452322 52.549747 426654 1.0
222 13.374267 52.505665 88304 1.0
223 13.423002 52.48661 915914 1.0
224 13.450581 52.548244 417600 0.0
225 13.391833 52.51045 99004 0.0
226 13.311856 52.429714 118560 1.0
227 13.347818 52.52 918664 0.0
228 13.428819 52.48831 746604 1.0
229 13.504439 52.547756 213844 1.0
230 13.431589 52.466736 1002364 1.0
231 13.573645 52.444603 679458 1.0
232 13.328667 52.465256 890874 1.0
233 13.396214 52.51321 123404 1.0
234 13.289611 52.631927 712872 1.0
235 13.478782 52.527596 888804 1.0
236 13.287794 52.632025 693281 0.5
237 13.289611 52.631927 712872 1.0
238 13.287266 52.632454 693266 1.0
239 13.289952 52.633396 712892 1.0
240 13.357046 52.54837 404514 0.0
241 13.602683 52.53853 344690 1.0
242 13.384747 52.455296 535562 1.0
243 13.60152 52.538433 97454 1.0
244 13.367186 52.462578 393458 0.0
245 13.164337 52.55024 795936 1.0
246 13.424123 52.53878 992806 1.0
247 13.347932 52.542294 968154 0.0
248 13.269215 52.43806 749092 0.0
249 13.379608 52.522854 443296 0.0
250 13.412759 52.565044 455736 1.0
251 13.391023 52.431877 631390 1.0
252 13.569034 52.569313 458808 1.0
253 13.432322 52.505608 419308 1.0
254 13.387652 52.52034 775958 1.0
255 13.342249 52.467056 21784 1.0
256 13.576356 52.45454 75680 1.0
257 13.541375 52.396946 704740 1.0
258 13.493917 52.420067 721232 1.0
259 13.409845 52.529266 357452 1.0
260 13.434557 52.512222 523872 1.0
261 13.435523 52.42485 629584 0.0
262 13.471749 52.504704 556628 1.0
263 13.378293 52.516037 236360 1.0
264 13.498909 52.511013 963002 1.0
265 13.404582 52.5698 662034 0.0
266 13.403474 52.519615 885410 0.0
267 13.144588 52.45472 364024 1.0
268 13.468355 52.514538 541316 0.0
269 13.277319 52.510643 11818 1.0
270 13.391109 52.51488 121458 0.0
271 13.390853 52.504517 660090 1.0
272 13.313151 52.500546 5602 0.0
273 13.342192 52.502247 1004930 1.0
274 13.433525 52.531208 28034 1.0
275 13.313136 52.500973 13378 1.0
276 13.459005 52.473595 904482 1.0
277 13.342068 52.525528 23014 0.242
278 13.404582 52.5698 662034 0.0
279 13.366826 52.585533 43450 1.0
280 13.308167 52.51647 830558 1.0
281 13.352238 52.49934 492224 0.0
282 13.32025 52.49764 8260 1.0
283 13.44891 52.466343 785060 1.0
284 13.157764 52.41935 473162 1.0
285 13.157764 52.41935 473162 1.0
286 13.390635 52.434093 846906 0.0
287 13.160087 52.41957 366500 1.0
288 13.460322 52.49277 566084 1.0
289 13.428964 52.51124 891436 1.0
290 13.414301 52.53318 688586 0.0
291 13.545333 52.436913 690852 1.0
292 13.306321 52.617424 52462 1.0
293 13.393939 52.49161 146846 1.0
294 13.387395 52.519806 158532 1.0
295 13.410202 52.57054 536000 1.0
296 13.352996 52.50226 880902 1.0
297 13.388635 52.493793 1005468 1.0
298 13.383014 52.499073 615488 1.0
299 13.310194 52.50655 832712 0.0
300 13.41605 52.5183 388666 1.0
301 13.420645 52.495384 580718 1.0
302 13.421577 52.5139 999020 1.0
303 13.419351 52.514725 737984 1.0
304 13.493647 52.512173 836858 1.0
305 13.312395 52.49926 8510 1.0
306 13.343055 52.43505 175508 1.0
307 13.557323 52.524902 557600 1.0
308 13.335 52.485912 185730 1.0
309 13.341397 52.451103 601806 1.0
310 13.465367 52.524506 224658 1.0
311 13.387749 52.524433 67120 1.0
312 13.469299 52.53157 970580 1.0
313 13.471199 52.530407 775350 1.0
314 13.322759 52.488926 719432 1.0
315 13.32143 52.457565 522532 1.0
316 13.319571 52.486523 2664 1.0
317 13.415959 52.523266 517380 1.0
318 13.410194 52.521667 465788 0.0
319 13.388596 52.51116 916384 1.0
320 13.389886 52.511288 1005242 1.0
321 13.393318 52.51323 26620 1.0
322 13.384396 52.532684 912446 0.0
323 13.320483 52.48603 1960 1.0
324 13.398679 52.523663 26362 1.0
325 13.538398 52.52787 289386 0.489
326 13.441391 52.542053 587326 1.0
327 13.435158 52.500286 703058 1.0
328 13.382183 52.531273 822190 1.0
329 13.41198 52.541298 630790 1.0
330 13.41181 52.54118 1000336 1.0
331 13.40694 52.51825 569108 1.0
332 13.408828 52.51194 120484 0.0
333 13.520912 52.46087 486950 1.0
334 13.521312 52.497467 470702 1.0
335 13.562871 52.54206 69128 0.556
336 13.524871 52.48195 654568 1.0
337 13.40197 52.52353 757598 1.0
338 13.392768 52.54256 70112 1.0
339 13.433556 52.53609 881024 1.0
340 13.414642 52.520893 792298 1.0
341 13.201568 52.54779 50438 1.0
342 13.20075 52.54874 414772 1.0
343 13.467752 52.50724 556032 1.0
344 13.463463 52.470043 296014 1.0
345 13.451628 52.510853 183774 1.0
346 13.453015 52.512398 502112 1.0
347 13.326839 52.564213 983596 1.0
348 13.328669 52.563713 255086 1.0
349 13.240849 52.61832 130326 1.0
350 13.41428 52.550686 650490 1.0
351 13.613566 52.508812 733028 1.0
352 13.422155 52.535435 177016 1.0
353 13.586235 52.511635 163342 1.0
354 13.612005 52.512302 731760 1.0
355 13.571525 52.412693 745514 1.0
356 13.333029 52.50613 1005658 1.0
357 13.205169 52.536716 61408 1.0
358 13.204441 52.53807 59398 1.0
359 13.203027 52.536788 61392 0.4
360 13.204775 52.536896 207756 1.0
361 13.566716 52.570316 143504 1.0
362 13.719996 52.43913 76546 1.0
363 13.414309 52.5079 226196 1.0
364 13.535493 52.43309 542156 0.0
365 13.495328 52.634995 222416 0.0
366 13.201769 52.538204 61374 0.0
367 13.320815 52.45712 272056 1.0
368 13.431828 52.46691 1002352 1.0
369 13.197833 52.52127 321156 1.0
370 13.390726 52.51699 452438 1.0
371 13.341813 52.501286 906190 0.0
372 13.196218 52.529285 176934 1.0
373 13.45622 52.509964 685950 1.0
374 13.457811 52.512787 320570 1.0
375 13.346357 52.436466 376812 1.0
376 13.351233 52.43988 267858 1.0
377 13.3856 52.527496 575160 0.0
378 13.357045 52.547684 359332 1.0
379 13.385836 52.4855 335530 1.0
380 13.358169 52.546864 18552 1.0
381 13.285277 52.584404 379172 1.0
382 13.284141 52.589344 492882 1.0
383 13.601357 52.482574 585736 1.0
384 13.52579 52.482147 848392 1.0
385 13.467513 52.51451 67464 0.0
386 13.467465 52.514362 67464 1.0
387 13.457256 52.516304 853588 1.0
388 13.520333 52.497326 470686 1.0
389 13.444643 52.564644 377036 1.0
390 13.199411 52.535164 914934 1.0
391 13.462461 52.49811 627190 0.0
392 13.332138 52.50653 973298 0.756
393 13.388226 52.519498 1004160 0.336
394 13.451253 52.508522 398754 1.0
395 13.332844 52.595734 385866 1.0
396 13.347196 52.553246 20730 1.0
397 13.296687 52.442978 400128 1.0
398 13.296687 52.442978 400128 1.0
399 13.333298 52.469017 19738 0.0
400 13.296992 52.442688 29154 0.0
401 13.28364 52.589504 927070 0.0
402 13.452177 52.537457 408746 1.0
403 13.625223 52.455055 606570 0.0
404 13.292378 52.49745 2090 1.0
405 13.343435 52.478817 931690 0.0
406 13.312019 52.500584 581988 1.0
407 13.38906 52.512012 833858 1.0
408 13.414042 52.552193 764100 1.0
409 13.414246 52.55141 590868 0.0
410 13.515021 52.505352 249882 1.0
411 13.340533 52.48833 140874 1.0
412 13.183807 52.54803 888630 1.0
413 13.328235 52.46524 271710 1.0
414 13.311583 52.467205 584686 0.0
415 13.445714 52.52569 891798 1.0
416 13.322822 52.459003 375168 0.0
417 13.290684 52.4754 858094 1.0
418 13.413364 52.548504 364318 1.0
419 13.327424 52.502884 13576 0.0
420 13.295505 52.497932 298264 1.0
421 13.284382 52.58936 492880 1.0
422 13.412804 52.540966 504436 1.0
423 13.356669 52.486137 989118 1.0
424 13.357059 52.4863 989132 1.0
425 13.354818 52.485306 312318 0.0
426 13.35499 52.485577 518572 1.0
427 13.335019 52.504192 921012 1.0
428 13.29364 52.45649 420428 1.0
429 13.32797 52.428032 140502 1.0
430 13.440182 52.517868 791092 1.0
431 13.328475 52.428646 1001772 1.0
432 13.326762 52.42787 140576 1.0
433 13.360805 52.545364 18576 1.0
434 13.410984 52.521736 791938 1.0
435 13.535457 52.432285 477092 1.0
436 13.420655 52.524696 222404 1.0
437 13.381589 52.55263 937266 1.0
438 13.426008 52.478733 681162 0.0
439 13.302057 52.49982 240624 0.0
440 13.383033 52.55167 359460 1.0
441 13.441694 52.50086 447676 1.0
442 13.383172 52.524094 22858 0.0
443 13.363439 52.412914 280054 0.0
444 13.420029 52.499004 659156 1.0
445 13.41573 52.523083 517382 1.0
446 13.481423 52.524452 224048 1.0
447 13.355145 52.596634 823454 1.0
448 13.522466 52.497494 327806 1.0
449 13.431281 52.50105 285314 1.0
450 13.320875 52.486393 79656 1.0
451 13.426059 52.477863 15844 0.0
452 13.424821 52.487106 915930 1.0
453 13.419945 52.54219 509850 0.0
454 13.339929 52.526527 311012 1.0
455 13.259881 52.434902 604438 1.0
456 13.34554 52.526314 986210 1.0
457 13.297234 52.442474 275900 1.0
458 13.283129 52.58974 501102 1.0
459 13.370957 52.54 23326 1.0
460 13.306173 52.507896 160162 0.581
461 13.499683 52.50923 36462 1.0
462 13.319317 52.501658 298439 0.739
463 13.330433 52.527264 24222 0.0
464 13.340608 52.526726 33340 1.0
465 13.339914 52.450607 889058 1.0
466 13.340426 52.45076 601686 1.0
467 13.604081 52.537216 369546 1.0
468 13.437963 52.47912 473278 1.0
469 13.377837 52.508984 767248 1.0
470 13.38971 52.510258 990524 0.429
471 13.332515 52.50717 957130 1.0
472 13.368881 52.540455 418888 0.0
473 13.319819 52.51391 559150 1.0
474 13.321423 52.511868 916728 1.0
475 13.521522 52.51385 730080 1.0
476 13.289241 52.51039 9838 1.0
477 13.385609 52.463867 273368 1.0
478 13.305253 52.51143 14232 0.0
479 13.505691 52.44577 425754 1.0
480 13.297234 52.442474 275900 1.0
481 13.602164 52.536026 344702 1.0
482 13.590707 52.5044 633360 0.0
483 13.302427 52.5842 246212 1.0
484 13.289914 52.49752 176464 1.0
485 13.273628 52.53565 264212 1.0
486 13.275828 52.53573 253161 0.623
487 13.496285 52.50575 992286 1.0
488 13.34892 52.507748 211826 1.0
489 13.306071 52.50888 11000 1.0
490 13.335843 52.52497 272602 1.0
491 13.305143 52.512165 285836 1.0
492 13.305823 52.50997 11690 1.0
493 13.399487 52.386677 891902 0.403
494 13.426185 52.543056 513920 1.0
495 13.402918 52.38668 2326 1.0
496 13.401629 52.38634 806946 0.454
497 13.281354 52.589302 79918 1.0
498 13.423893 52.48676 1007428 0.0
499 13.381405 52.552505 937270 1.0
500 13.382036 52.552467 937278 1.0
501 13.204441 52.53807 59398 1.0
502 13.430383 52.469112 583162 1.0
503 13.6531 52.374996 560700 1.0
504 13.203632 52.537476 59404 1.0
505 13.385827 52.466297 706848 0.0
506 13.2491 52.610115 365692 1.0
507 13.386426 52.549637 359442 1.0
508 13.408073 52.52896 848998 1.0
509 13.385636 52.446808 259544 1.0
510 13.385716 52.445564 259518 0.0
511 13.434927 52.481052 689556 1.0
512 13.384561 52.46079 707712 1.0
513 13.20262 52.537918 57054 0.0
514 13.433732 52.48189 265638 1.0
515 13.273578 52.536934 21022 1.0
516 13.625223 52.455055 606570 0.0
517 13.203932 52.537 63044 1.0
518 13.306718 52.506355 1001574 0.0
519 13.441511 52.470398 626786 0.0
520 13.435927 52.480415 460990 1.0
521 13.43796 52.454144 54870 0.0
522 13.384884 52.484985 30018 0.0
523 13.204431 52.53619 61396 1.0
524 13.291782 52.497215 73868 1.0
525 13.456857 52.431065 405590 1.0
526 13.455811 52.430473 405610 0.0
527 13.411751 52.57151 42954 1.0
528 13.60358 52.537083 417740 1.0
529 13.288036 52.453136 637188 1.0
530 13.425378 52.488197 371020 1.0
531 13.403958 52.580963 43014 1.0
532 13.329873 52.562874 441472 1.0
533 13.320815 52.45712 272056 1.0
534 13.546751 52.54399 697060 1.0
535 13.303527 52.525593 5954 1.0
536 13.309338 52.51692 830524 0.0
537 13.310064 52.431583 11478 1.0
538 13.557406 52.506603 889944 0.0
539 13.456984 52.491188 518634 1.0
540 13.302211 52.426777 701718 1.0
541 13.28081 52.477623 274246 1.0
542 13.57882 52.458225 281044 0.0
543 13.474581 52.513916 485964 1.0
544 13.442699 52.54295 348648 1.0
545 13.309652 52.54703 347534 1.0
546 13.280159 52.47693 557612 0.0
547 13.297243 52.51062 4290 1.0
548 13.297761 52.510754 474584 0.0
549 13.458108 52.49083 378756 1.0
550 13.314346 52.51219 516974 1.0
551 13.477404 52.51399 965382 0.0
552 13.476693 52.51366 817092 1.0
553 13.384441 52.458168 528594 1.0
554 13.44081 52.47337 167300 0.0
555 13.285109 52.58772 50008 1.0
556 13.285645 52.587776 261754 0.0
557 13.40625 52.535194 48598 1.0
558 13.232425 52.4371 945370 0.0
559 13.510252 52.456516 470356 1.0
560 13.292845 52.483166 13204 1.0
561 13.408053 52.536995 494216 1.0
562 13.592219 52.529156 153692 0.0
563 13.32569 52.506287 394158 1.0
564 13.418347 52.536602 25294 0.0
565 13.370018 52.53979 202510 1.0
566 13.389476 52.512226 833884 1.0
567 13.337693 52.500553 13496 0.0
568 13.488975 52.467148 571236 1.0
569 13.489559 52.54257 358488 1.0
570 13.297016 52.49804 10166 1.0
571 13.503996 52.548588 712754 1.0
572 13.504566 52.548508 547220 1.0
573 13.451554 52.54851 544528 1.0
574 13.452683 52.548965 201818 1.0
575 13.44968 52.54784 273416 1.0
576 13.451404 52.54813 265790 1.0
577 13.477975 52.526775 707662 1.0
578 13.458136 52.549816 765534 1.0
579 13.271336 52.536674 290502 1.0
580 13.263891 52.537468 308760 1.0
581 13.371445 52.422558 384932 0.0
582 13.35903 52.57387 168226 0.0
583 13.452517 52.518536 817784 1.0
584 13.403918 52.38668 2322 0.737
585 13.344596 52.435596 49560 0.0
586 13.328186 52.563484 854804 0.0
587 13.454843 52.549065 390478 1.0
588 13.344131 52.43591 49560 1.0
589 13.28911 52.47627 690568 0.0
590 13.193997 52.430885 764640 1.0
591 13.455928 52.529655 397536 1.0
592 13.304987 52.508682 385130 1.0
593 13.41171 52.51976 711992 1.0
594 13.592145 52.545757 780198 1.0
595 13.304987 52.508682 385130 1.0
596 13.495896 52.63449 983030 1.0
0 13.391382 52.513115 22302 1.0
1 13.302427 52.5842 246212 1.0
2 13.328669 52.563713 255086 1.0
3 13.313506 52.57135 242792 1.0
4 13.344363 52.548855 20588 1.0
5 13.309996 52.569977 508370 0.0
6 13.352166 52.5396 18440 1.0
7 13.367827 52.568417 31036 1.0
8 13.369407 52.56876 31038 1.0
9 13.322136 52.570175 88690 0.5
10 13.141974 52.534092 132446 0.0
11 13.316089 52.570995 17456 0.0
12 13.317148 52.568794 17450 1.0
13 13.320816 52.565334 908590 1.0
14 13.314039 52.569885 17474 1.0
15 13.332647 52.596664 62072 1.0
16 13.30492 52.57252 60298 1.0
17 13.301021 52.522907 576044 0.0
18 13.321498 52.569607 526154 0.0
19 13.356864 52.543266 819590 0.0
20 13.326595 52.564457 95002 0.0
21 13.33002 52.57548 747800 1.0
22 13.413036 52.544094 426940 0.0
23 13.425026 52.535675 549732 1.0
24 13.476899 52.523388 35520 1.0
25 13.420049 52.513103 410390 1.0
26 13.41634 52.533215 595698 0.0
27 13.420214 52.53612 73368 1.0
28 13.263433 52.487885 34908 1.0
29 13.364393 52.564 930880 0.0
30 13.395727 52.529667 935922 1.0
31 13.435686 52.469105 269168 0.0
32 13.466623 52.505424 556582 1.0
33 13.342512 52.461464 21878 1.0
34 13.339347 52.461414 606198 1.0
35 13.361401 52.555134 288850 0.0
36 13.578295 52.459324 994620 1.0
37 13.447859 52.471294 661216 1.0
38 13.215617 52.428802 174878 1.0
39 13.465864 52.51792 34574 1.0
40 13.462731 52.51984 639974 0.0
41 13.459409 52.516186 853572 1.0
42 13.45551 52.518684 833550 1.0
43 13.456634 52.510838 130518 0.0
44 13.459566 52.51409 682576 1.0
45 13.461518 52.512115 16498 1.0
46 13.456409 52.510363 685951 0.457
47 13.421605 52.492893 248302 1.0
48 13.460508 52.500294 34874 1.0
49 13.20262 52.537918 57054 0.0
50 13.456256 52.54832 46600 1.0
51 13.317176 52.506035 868788 1.0
52 13.20197 52.537228 44630 0.0
53 13.460582 52.510197 130508 1.0
54 13.459362 52.512505 34816 0.0
55 13.466372 52.513153 804168 1.0
56 13.466372 52.513153 804168 1.0
57 13.426369 52.490124 35348 1.0
58 13.426369 52.490124 35348 1.0
59 13.328484 52.50583 497982 1.0
60 13.438043 52.468845 627064 1.0
61 13.458735 52.512619 320570 0.404
62 13.32317 52.506428 618726 1.0
63 13.403779 52.55129 74018 1.0
64 13.344268 52.52043 2262 1.0
65 13.452213 52.525146 72774 1.0
66 13.423472 52.47895 440518 1.0
67 13.317691 52.517845 19366 1.0
68 13.488747 52.547783 536080 1.0
69 13.333015 52.57809 220390 1.0
70 13.281796 52.528843 244168 1.0
71 13.331914 52.52396 18270 1.0
72 13.480008 52.52736 656362 1.0
73 13.287916 52.58886 341830 1.0
74 13.420129 52.491695 35324 0.0
75 13.400147 52.494473 926380 1.0
76 13.368677 52.544384 23204 1.0
77 13.401827 52.525146 439588 1.0
78 13.408299 52.5292 680146 1.0
79 13.449177 52.528774 72718 1.0
80 13.447637 52.52546 1008272 0.0
81 13.457207 52.528843 573288 1.0
82 13.398436 52.526447 466354 1.0
83 13.416351 52.549225 338260 1.0
84 13.404592 52.534187 25164 0.0
85 13.451515 52.52614 72772 1.0
86 13.454227 52.52217 48448 1.0
87 13.384431 52.52227 5786 1.0
88 13.38754 52.525352 316652 1.0
89 13.461331 52.508663 133322 1.0
90 13.386065 52.521423 652262 1.0
91 13.404565 52.535862 183098 1.0
92 13.402683 52.533478 117558 1.0
93 13.423245 52.519447 935798 1.0
94 13.363856 52.41413 106664 1.0
95 13.459402 52.51415 682574 1.0
96 13.460864 52.514336 155416 1.0
97 13.407135 52.533257 25258 1.0
98 13.386065 52.521423 652262 1.0
99 13.399816 52.532814 117552 1.0
100 13.406308 52.532375 25260 1.0
101 13.421307 52.477013 627456 0.0
102 13.4034 52.534023 25196 1.0
103 13.479066 52.540314 484198 1.0
104 13.324272 52.47989 9110 1.0
105 13.294556 52.44312 501834 1.0
106 13.564942 52.541622 66048 0.615
107 13.202971 52.542553 50416 1.0
108 13.525695 52.48153 891978 1.0
109 13.464338 52.497528 380220 1.0
110 13.459331 52.501063 148733 0.111
111 13.513561 52.46223 471190 1.0
112 13.453673 52.504128 34728 0.0
113 13.430524 52.468433 280714 1.0
114 13.309437 52.507877 160158 1.0
115 13.423472 52.47895 440518 1.0
116 13.570592 52.54998 74824 1.0
117 13.348224 52.48195 659936 1.0
118 13.419901 52.545784 86604 1.0
119 13.445434 52.499256 104476 0.0
120 13.466725 52.505375 556584 1.0
121 13.356445 52.49785 231126 1.0
122 13.558161 52.54649 143970 1.0
123 13.315386 52.50317 8352 1.0
124 13.387918 52.517914 968346 1.0
125 13.499977 52.509327 203264 1.0
126 13.281622 52.58933 49894 0.0
127 13.437425 52.493465 13974 1.0
128 13.434986 52.491264 773946 1.0
129 13.577901 52.497646 172404 1.0
130 13.433405 52.492405 277740 1.0
131 13.407638 52.531708 849422 1.0
132 13.271133 52.534977 22370 1.0
133 13.466725 52.505375 556584 1.0
134 13.456634 52.510838 130518 0.0
135 13.567983 52.550835 74642 1.0
136 13.421301 52.54172 73374 1.0
137 13.357633 52.545364 278266 0.0
138 13.588791 52.51235 386644 1.0
139 13.431728 52.497456 263416 1.0
140 13.416119 52.54285 288810 1.0
141 13.429634 52.49816 453206 0.0
142 13.42853 52.498676 659190 1.0
143 13.361973 52.488445 88728 1.0
144 13.281212 52.589256 79920 1.0
145 13.417254 52.543404 292456 1.0
146 13.353386 52.48922 240130 1.0
147 13.42417 52.544067 384954 1.0
148 13.418258 52.54652 86604 0.0
149 13.421301 52.54172 73374 1.0
150 13.423568 52.542336 999112 1.0
151 13.463926 52.513004 11808 1.0
152 13.47145 52.51083 86816 1.0
153 13.31002 52.50195 243444 1.0
154 13.463785 52.516617 34584 0.0
155 13.465167 52.516357 34578 1.0
156 13.459676 52.5113 133298 0.0
157 13.497773 52.511925 709890 1.0
158 13.309128 52.50029 242856 1.0
159 13.407188 52.52271 755292 1.0
160 13.404908 52.52068 412386 1.0
161 13.488958 52.502926 665094 1.0
162 13.460261 52.510487 133316 1.0
163 13.302333 52.52129 170785 0.476
164 13.313746 52.51817 15138 1.0
165 13.408758 52.529 160258 1.0
166 13.305186 52.502018 551208 1.0
167 13.425099 52.48043 256652 1.0
168 13.443407 52.475796 573974 1.0
169 13.202342 52.538616 60958 1.0
170 13.425207 52.480083 199508 0.0
171 13.42495 52.502052 272380 0.0
172 13.454811 52.472923 293068 1.0
173 13.407913 52.521683 174982 1.0
174 13.317896 52.528786 785426 1.0
175 13.437477 52.463547 340920 1.0
176 13.436609 52.466328 269192 1.0
177 13.384897 52.449265 610028 1.0
178 13.385716 52.445564 259518 0.0
179 13.383797 52.456474 704782 1.0
180 13.38376 52.455334 948738 1.0
181 13.449895 52.476784 394766 1.0
182 13.443096 52.470493 627152 1.0
183 13.437573 52.45511 61624 1.0
184 13.437386 52.455917 62544 1.0
185 13.204431 52.53619 61396 1.0
186 13.429641 52.552868 589098 1.0
187 13.442094 52.465736 167556 1.0
188 13.442488 52.465454 457500 1.0
189 13.440399 52.46743 263342 1.0
190 13.431723 52.466496 1002362 1.0
191 13.420335 52.465088 687510 1.0
192 13.433425 52.46504 878424 1.0
193 13.438187 52.466507 626818 1.0
194 13.433574 52.463715 626726 1.0
195 13.394397 52.486 799596 1.0
196 13.434793 52.461895 61576 1.0
197 13.43829 52.452663 967968 1.0
198 13.394595 52.465477 466238 1.0
199 13.407838 52.50001 27356 1.0
200 13.392996 52.545357 24282 1.0
201 13.441112 52.472725 725554 1.0
202 13.419269 52.496403 451852 1.0
203 13.45188 52.49239 568006 1.0
204 13.441318 52.471535 573184 1.0
205 13.192736 52.524166 25822 1.0
206 13.451117 52.486893 627300 1.0
207 13.479791 52.461006 505882 1.0
208 13.450996 52.47174 972098 1.0
209 13.432717 52.487034 324618 1.0
210 13.439592 52.484016 324608 1.0
211 13.469193 52.51863 263486 1.0
212 13.412475 52.56115 687762 1.0
213 13.509747 52.550751 65049 0.35
214 13.456965 52.44211 280254 1.0
215 13.336361 52.559357 638346 1.0
216 13.342179 52.555954 770 1.0
217 13.39533 52.582764 45718 1.0
218 13.33365 52.560665 767706 0.0
219 13.42472 52.474903 15874 1.0
220 13.437375 52.48293 520502 1.0
221 13.506796 52.446457 190958 1.0
222 13.447223 52.47502 170312 1.0
223 13.422632 52.465908 808794 1.0
224 13.431316 52.4678 914602 1.0
225 13.46427 52.528942 684254 1.0
226 13.422632 52.465908 808794 1.0
227 13.452118 52.474598 54832 1.0
228 13.440576 52.47377 411832 0.0
229 13.390981 52.49954 11648 1.0
230 13.451011 52.474064 394316 1.0
231 13.42975 52.470295 559528 1.0
232 13.445274 52.47921 324710 1.0
233 13.479464 52.502907 347164 1.0
234 13.480514 52.50316 347168 1.0
235 13.604442 52.537834 344652 1.0
236 13.589057 52.53936 222374 1.0
237 13.4422 52.467678 1007646 1.0
238 13.472869 52.51214 666052 1.0
239 13.319427 52.459423 584830 1.0
240 13.438338 52.497253 35146 0.0
241 13.454128 52.49747 965492 1.0
242 13.408094 52.54933 143908 1.0
243 13.419901 52.545784 86604 1.0
244 13.371205 52.522564 3700 1.0
245 13.443063 52.482292 324614 1.0
246 13.444357 52.48166 324616 1.0
247 13.461957 52.516304 642502 1.0
248 13.425705 52.492443 35334 1.0
249 13.409715 52.53857 86594 1.0
250 13.432491 52.51864 28868 1.0
251 13.318025 52.46111 243428 1.0
252 13.409531 52.53864 354414 1.0
253 13.401754 52.52238 248750 1.0
254 13.398227 52.51126 934436 0.0
255 13.432415 52.470142 329404 0.0
256 13.466262 52.512768 553236 1.0
257 13.438987 52.46024 881586 1.0
258 13.42304 52.542114 593930 0.0
259 13.469893 52.512394 553242 1.0
260 13.461957 52.516304 642502 1.0
261 13.469892 52.51136 105414 1.0
262 13.475252 52.511883 332238 1.0
263 13.42775 52.48114 33778 1.0
264 13.422523 52.539555 641784 1.0
265 13.454061 52.487915 749962 1.0
266 13.453972 52.488937 61968 0.0
267 13.423192 52.479855 199508 1.0
268 13.423192 52.479855 199508 1.0
269 13.388399 52.49132 768096 1.0
270 13.432675 52.47638 971504 0.0
271 13.355251 52.54184 18474 1.0
272 13.356949 52.5422 18478 1.0
273 13.283382 52.58661 49928 1.0
274 13.397505 52.529537 827638 1.0
275 13.437637 52.544376 501624 1.0
276 13.275339 52.53644 879944 0.0
277 13.514988 52.505585 109756 1.0
278 13.420837 52.54255 376674 0.0
279 13.511971 52.461952 645826 0.0
280 13.330456 52.52109 652246 1.0
281 13.383834 52.55578 960338 1.0
282 13.513682 52.461967 491192 0.0
283 13.517612 52.505882 740332 1.0
284 13.388301 52.521877 26442 1.0
285 13.278749 52.588577 276110 1.0
286 13.296439 52.501514 4456 1.0
287 13.415467 52.547756 73524 1.0
288 13.415559 52.54402 354514 1.0
289 13.416375 52.547184 71392 1.0
290 13.4177 52.546005 354494 1.0
291 13.42941 52.494663 13984 1.0
292 13.443422 52.500713 913800 1.0
293 13.512014 52.50715 722750 1.0
294 13.320365 52.48182 9066 0.0
295 13.20264 52.542656 50414 1.0
296 13.352557 52.494827 445010 0.0
297 13.42604 52.49133 14006 1.0
298 13.446256 52.549973 580558 1.0
299 13.4123 52.520615 792094 1.0
300 13.368788 52.54494 23228 1.0
301 13.416321 52.544094 355334 1.0
302 13.37452 52.54187 736184 1.0
303 13.494562 52.544514 213636 1.0
304 13.425518 52.54166 70122 0.0
305 13.419536 52.543182 30332 1.0
306 13.353911 52.497036 16006 1.0
307 13.489224 52.542397 358492 1.0
308 13.419901 52.545784 86604 1.0
309 13.420656 52.54299 468258 1.0
310 13.421292 52.545177 73520 0.0
311 13.272446 52.5389 689142 0.0
312 13.410761 52.38617 642556 1.0
313 13.424017 52.477184 421962 1.0
314 13.271788 52.538097 880114 1.0
315 13.411937 52.55376 513794 1.0
316 13.505567 52.44031 62728 1.0
317 13.491337 52.558445 346552 1.0
318 13.415716 52.531628 27870 1.0
319 13.440022 52.481613 520514 1.0
320 13.445962 52.437607 400372 1.0
321 13.328657 52.52793 713416 1.0
322 13.396904 52.537056 904604 1.0
323 13.414757 52.541252 641008 1.0
324 13.417493 52.500134 192132 0.0
325 13.400866 52.414402 723336 1.0
326 13.402161 52.413155 629966 1.0
327 13.419638 52.534157 25296 0.0
328 13.497182 52.508205 604096 1.0
329 13.429123 52.482525 310324 1.0
330 13.392462 52.48758 22216 1.0
331 13.427399 52.48221 627186 1.0
332 13.427381 52.48229 283776 0.0
333 13.456357 52.50974 760580 1.0
334 13.407053 52.586445 45526 1.0
335 13.469741 52.506435 16488 1.0
336 13.373035 52.50875 838947 0.471
337 13.49832 52.510048 782776 1.0
338 13.325583 52.504616 231924 1.0
339 13.34408 52.504322 693172 1.0
340 13.491213 52.502487 665130 1.0
341 13.387427 52.55269 30748 1.0
342 13.547275 52.53016 314481 0.333
343 13.293124 52.474285 534870 0.0
344 13.428631 52.49588 374936 1.0
345 13.351089 52.54098 18464 0.0
346 13.281837 52.477505 493586 0.0
347 13.389864 52.555138 768320 0.0
348 13.439219 52.473614 827406 1.0
349 13.440985 52.48234 35388 1.0
350 13.329186 52.519848 649682 1.0
351 13.359768 52.48971 454484 1.0
352 13.202971 52.547863 50440 1.0
353 13.421522 52.53771 172324 1.0
354 13.508687 52.445515 190974 1.0
355 13.439214 52.499702 104470 1.0
356 13.423283 52.53709 27938 1.0
357 13.263186 52.51473 257016 1.0
358 13.260137 52.51655 185610 1.0
359 13.51304 52.467155 226876 1.0
360 13.496181 52.506493 604104 1.0
361 13.42071 52.44851 410628 1.0
362 13.416604 52.445885 235404 1.0
363 13.293393 52.44611 600804 1.0
364 13.494631 52.504574 716236 0.0
365 13.202971 52.547863 50440 1.0
366 13.40851 52.53138 783570 0.0
367 13.307323 52.504574 13238 1.0
368 13.41094 52.533188 25266 0.0
369 13.392402 52.525017 997588 0.0
370 13.328613 52.468704 735028 1.0
371 13.323247 52.46458 16190 1.0
372 13.41433 52.54289 354522 1.0
373 13.416119 52.54285 288810 1.0
374 13.416468 52.542706 641006 1.0
375 13.490591 52.420284 281820 0.0
376 13.498403 52.41907 633168 1.0
377 13.486353 52.50406 665078 1.0
378 13.505574 52.409824 478246 1.0
379 13.386539 52.442146 259528 1.0
380 13.497896 52.509385 294168 0.211
381 13.440846 52.54266 28368 1.0
382 13.438513 52.541294 271150 1.0
383 13.459087 52.512555 320571 0.823
384 13.299207 52.473324 274234 1.0
385 13.378522 52.550327 24028 0.0
386 13.3819 52.55239 937254 1.0
387 13.451927 52.519276 374576 1.0
388 13.374207 52.547695 168044 1.0
389 13.375121 52.548264 168046 1.0
390 13.506318 52.402973 240238 1.0
391 13.350907 52.5307 4788 1.0
392 13.331543 52.52228 18272 1.0
393 13.369497 52.543964 969578 1.0
394 13.335042 52.498142 13664 1.0
395 13.3063 52.517014 919382 1.0
396 13.370905 52.545643 18584 1.0
397 13.296519 52.51447 11604 1.0
398 13.543248 52.523756 224336 0.833
399 13.450862 52.522438 48444 1.0
400 13.398661 52.579983 827504 1.0
401 13.431405 52.48749 468896 1.0
402 13.429729 52.48852 547460 0.0
403 13.412348 52.539993 593914 1.0
404 13.432014 52.488155 563544 0.0
405 13.422745 52.47563 531138 1.0
406 13.415966 52.553455 350416 0.0
407 13.541709 52.437073 691054 1.0
408 13.46263 52.516285 642510 0.0
409 13.549122 52.43827 105768 1.0
410 13.547021 52.435135 573122 1.0
411 13.410902 52.541138 683986 1.0
412 13.443628 52.500214 124459 0.25
413 13.32688 52.48656 483318 1.0
414 13.402525 52.586002 328610 1.0
415 13.448627 52.490395 627478 1.0
416 13.463785 52.516617 34584 0.0
417 13.468472 52.528233 651356 0.0
418 13.457906 52.509563 649734 1.0
419 13.41299 52.49143 310420 0.0
420 13.362925 52.566635 31202 1.0
421 13.423597 52.500088 81456 0.0
422 13.423301 52.500576 81456 1.0
423 13.342191 52.45 166146 1.0
424 13.315589 52.443127 29242 0.0
425 13.419121 52.53471 27856 1.0
426 13.554592 52.54571 78914 1.0
427 13.364222 52.41318 280042 0.0
428 13.419121 52.53471 27856 1.0
429 13.466435 52.519127 34564 1.0
430 13.41051 52.53931 86592 1.0
431 13.349942 52.53421 7746 1.0
432 13.350726 52.53262 917202 1.0
433 13.350409 52.532364 917208 1.0
434 13.35079 52.532543 917218 1.0
435 13.274206 52.43435 91738 1.0
436 13.423597 52.500088 81456 0.0
437 13.295096 52.51586 843532 1.0
438 13.466496 52.517334 424942 1.0
439 13.344616 52.506363 528994 1.0
440 13.470451 52.506187 723562 1.0
441 13.426542 52.499474 931462 1.0
442 13.322759 52.488926 719432 1.0
443 13.38143 52.474266 609774 1.0
444 13.327474 52.464 323116 0.0
445 13.298636 52.4878 12584 1.0
446 13.458391 52.51056 130518 1.0
447 13.418286 52.500603 918768 0.0
448 13.419982 52.50225 299594 1.0
449 13.413963 52.502197 931932 1.0
450 13.36467 52.57447 362838 1.0
451 13.416807 52.500546 410460 1.0
452 13.416807 52.500546 410460 1.0
453 13.468375 52.50708 478930 1.0
454 13.416695 52.502 35458 0.0
455 13.33928 52.528244 18228 0.0
456 13.335155 52.525444 18196 1.0
457 13.397505 52.529537 827638 1.0
458 13.397505 52.529537 827638 1.0
459 13.456718 52.511765 502108 1.0
460 13.458623 52.510998 133308 1.0
461 13.455211 52.51201 502110 1.0
462 13.456718 52.511765 502108 1.0
463 13.498549 52.515476 189254 1.0
464 13.498168 52.51399 189250 1.0
465 13.414757 52.541252 641008 1.0
466 13.419516 52.495792 451476 1.0
467 13.435369 52.486103 324606 0.0
468 13.317571 52.506287 2426 1.0
469 13.497221 52.50075 201610 1.0
470 13.512016 52.509846 36708 1.0
471 13.293194 52.489105 483050 1.0
472 13.437531 52.48504 324606 1.0
473 13.469393 52.51153 105416 1.0
474 13.357809 52.539276 767330 1.0
475 13.431401 52.49758 263412 0.0
476 13.498549 52.515476 189254 1.0
477 13.43633 52.511425 29380 1.0
478 13.435189 52.494087 13978 1.0
479 13.390683 52.52552 4674 1.0
480 13.44832 52.478246 668724 0.25
481 13.303112 52.512833 14118 1.0
482 13.317556 52.48228 475210 1.0
483 13.41703 52.448772 235360 1.0
484 13.299542 52.512253 784144 1.0
485 13.439923 52.48696 56422 1.0
486 13.330963 52.528484 39198 1.0
487 13.440635 52.461956 61604 1.0
488 13.430368 52.552544 452286 1.0
489 13.452274 52.51559 263404 1.0
490 13.401738 52.52441 984902 1.0
491 13.348019 52.54119 676756 0.0
492 13.348667 52.541653 913994 1.0
493 13.470741 52.513706 485570 1.0
494 13.441768 52.482933 324612 1.0
495 13.387469 52.525986 915010 1.0
496 13.412585 52.53802 324882 1.0
497 13.4316 52.501396 285314 0.0
498 13.416034 52.491062 746556 1.0
499 13.455184 52.507866 130514 1.0
500 13.441362 52.501385 693598 1.0
501 13.492009 52.40854 611132 1.0
502 13.46608 52.508385 191554 1.0
503 13.445434 52.499256 104476 0.0
504 13.43166 52.490673 746524 1.0
505 13.340354 52.443794 354096 1.0
506 13.424591 52.497246 554576 1.0
507 13.331332 52.499516 163186 1.0
508 13.393034 52.520134 26456 1.0
509 13.289816 52.497562 176462 1.0
510 13.41899 52.499952 884309 0.105
511 13.315383 52.42875 598806 1.0
512 13.436218 52.423573 125008 1.0
513 13.360757 52.4911 182980 1.0
514 13.327569 52.429504 777350 1.0
515 13.457906 52.509563 649734 1.0
516 13.436759 52.487175 35380 1.0
517 13.408937 52.52249 995830 1.0
518 13.41843 52.55128 590862 1.0
519 13.351223 52.481907 604400 1.0
520 13.375999 52.5719 31144 1.0
521 13.355001 52.490074 16056 1.0
522 13.427959 52.488342 627266 1.0
523 13.459958 52.511253 502096 1.0
524 13.270423 52.54943 435588 1.0
525 13.436466 52.418213 124802 0.0
526 13.352596 52.527946 537296 1.0
527 13.302359 52.506004 257236 1.0
528 13.457371 52.51292 320572 1.0
529 13.439592 52.484016 324608 1.0
530 13.258771 52.435696 537888 0.0
531 13.423301 52.473824 627588 1.0
532 13.485675 52.536266 346644 1.0
533 13.262706 52.410954 93684 1.0
534 13.400667 52.527725 852 1.0
535 13.4194 52.49926 454414 1.0
536 13.309912 52.502039 13396 0.5
537 13.198409 52.548466 50476 1.0
538 13.2809 52.586292 49926 1.0
539 13.253524 52.414417 491550 1.0
540 13.410654 52.49926 27372 1.0
541 13.434654 52.48287 627206 1.0
542 13.349503 52.524414 159018 1.0
543 13.591779 52.52156 719018 1.0
544 13.432928 52.535904 881044 1.0
545 13.589397 52.521626 670542 1.0
546 13.590636 52.522255 679690 1.0
547 13.311473 52.447132 12420 1.0
548 13.589788 52.520844 670658 1.0
549 13.352359 52.48808 437056 1.0
550 13.431333 52.478863 513478 1.0
551 13.388802 52.52604 857310 1.0
552 13.316402 52.498665 8462 1.0
553 13.322163 52.616234 163992 1.0
554 13.432448 52.48388 324626 1.0
555 13.328771 52.477306 24528 0.961
556 13.308894 52.50594 8320 1.0
557 13.421405 52.539528 877680 1.0
558 13.313402 52.505215 497352 1.0
559 13.392434 52.525093 4672 0.0
560 13.32842 52.504917 232908 1.0
561 13.391102 52.52542 4672 1.0
562 13.201221 52.56378 304020 1.0
563 13.391102 52.52542 4672 1.0
564 13.392434 52.525093 4672 0.0
565 13.390683 52.52552 4674 1.0
566 13.391102 52.52542 4672 1.0
567 13.324917 52.509212 413148 1.0
568 13.435652 52.536102 28144 1.0
569 13.403585 52.505623 496302 1.0
570 13.209327 52.565105 433320 1.0
571 13.435686 52.469105 269168 0.0
572 13.429634 52.49816 453206 0.0
573 13.45634 52.508312 680836 0.0
574 13.278329 52.577282 563624 1.0
575 13.425651 52.498993 263382 1.0
576 13.411142 52.503902 936366 1.0
577 13.431405 52.48749 468896 1.0
578 13.414237 52.539616 338964 1.0
579 13.412548 52.53608 73354 0.0
580 13.374955 52.487785 127000 1.0
581 13.398719 52.533062 354688 1.0
582 13.398074 52.53482 354690 1.0
583 13.437531 52.48504 324606 1.0
584 13.304158 52.5181 5968 1.0
585 13.325359 52.503098 517724 1.0
586 13.435369 52.486103 324606 0.0
587 13.455184 52.507866 130514 1.0
588 13.379869 52.57152 43060 0.0
589 13.3677 52.551384 916818 1.0
590 13.319512 52.47683 16134 1.0
591 13.383099 52.4924 179824 1.0
592 13.3204 52.56595 450692 1.0
593 13.379611 52.451557 370856 1.0
594 13.402679 52.55628 73480 0.0
595 13.355876 52.40858 598486 1.0
596 13.307117 52.446438 398824 0.333
597 13.30623 52.51704 919384 1.0
598 13.29701 52.512886 11566 1.0
599 13.304914 52.514072 893564 1.0
600 13.470009 52.512394 553245 0.399
601 13.299242 52.517025 511142 0.0
602 13.304595 52.51661 11162 1.0
603 13.300589 52.501797 4470 1.0
604 13.300756 52.5032 4466 0.0
605 13.405679 52.529552 160274 1.0
606 13.425501 52.49327 366 1.0
607 13.359704 52.543495 198836 1.0
608 13.437871 52.49983 35156 1.0
609 13.434272 52.486504 324622 1.0
610 13.399523 52.511673 26680 1.0
611 13.284782 52.508606 63724 1.0
612 13.431958 52.48065 500060 0.0
613 13.228976 52.625298 387440 1.0
614 13.459977 52.508984 130510 1.0
615 13.449 52.48515 627230 1.0
616 13.427254 52.477757 357912 1.0
617 13.437531 52.48504 324606 1.0
618 13.450516 52.489216 35206 1.0
619 13.415196 52.547516 451220 1.0
620 13.431401 52.49758 263412 0.0
621 13.414768 52.526752 27766 1.0
622 13.424561 52.534744 27930 1.0
623 13.427959 52.488342 627266 1.0
624 13.427959 52.488342 627266 1.0
625 13.417054 52.494213 252666 1.0
626 13.417729 52.493008 228064 1.0
627 13.213898 52.56091 280600 0.0
628 13.415966 52.553455 350416 0.0
629 13.414024 52.5521 25144 1.0
630 13.415074 52.538464 25288 0.0
631 13.299558 52.49389 274324 1.0
632 13.383997 52.493484 418226 1.0
633 13.344363 52.548855 20588 1.0
634 13.301297 52.49467 482676 1.0
635 13.292758 52.507053 177568 1.0
636 13.472423 52.52723 517624 1.0
637 13.428819 52.48831 746604 1.0
638 13.479313 52.502884 36190 1.0
639 13.358678 52.54731 359370 1.0
640 13.290973 52.471043 12912 1.0
641 13.328674 52.476498 522566 1.0
642 13.324153 52.47351 16776 1.0
643 13.379508 52.536777 2544 1.0
644 13.417231 52.549828 71386 1.0
645 13.404675 52.527573 27692 1.0
646 13.26966 52.50936 77996 1.0
647 13.388149 52.528793 924748 1.0
648 13.453575 52.523125 48446 1.0
649 13.309496 52.52573 139808 1.0
650 13.420743 52.500797 943152 0.0
651 13.41184 52.54091 1000286 1.0
652 13.351828 52.479885 890854 1.0
653 13.39584 52.53838 359598 1.0
654 13.397027 52.53704 904634 1.0
655 13.297944 52.501057 1954 0.0
656 13.377104 52.482758 520464 1.0
657 13.465648 52.498928 627566 1.0
658 13.465379 52.497284 566026 0.0
659 13.430383 52.469112 583162 1.0
660 13.41058 52.54541 30370 0.0
661 13.34904 52.489388 16032 1.0
662 13.440405 52.50063 931498 1.0
663 13.443364 52.51756 145660 1.0
664 13.331226 52.463852 337054 1.0
665 13.47965 52.476448 978068 1.0
666 13.442363 52.516487 34656 1.0
667 13.410879 52.526733 909046 1.0
668 13.481133 52.48672 558526 0.0
669 13.3865 52.49057 11558 1.0
670 13.432448 52.48388 324626 1.0
671 13.4316 52.501396 285314 0.0
672 13.430027 52.500725 285350 1.0
673 13.467636 52.483715 61986 1.0
674 13.38754 52.525352 316652 1.0
675 13.434769 52.53747 28172 0.0
676 13.404581 52.523354 393384 1.0
677 13.331099 52.463615 337076 0.0
678 13.330911 52.464012 19756 1.0
679 13.259881 52.434902 604438 1.0
680 13.51111 52.45618 19464 1.0
681 13.432147 52.501938 693474 1.0
682 13.432147 52.501938 693474 1.0
683 13.412502 52.54496 638390 1.0
684 13.430524 52.468433 280714 1.0
685 13.419982 52.50225 299594 1.0
686 13.416905 52.51187 27306 1.0
687 13.43216 52.535576 27952 1.0
688 13.386195 52.55871 30742 1.0
689 13.473146 52.515236 34596 1.0
690 13.46102 52.51108 118102 1.0
691 13.25971 52.429237 94516 1.0
692 13.345234 52.55384 518764 1.0
693 13.292378 52.49745 2090 1.0
694 13.294184 52.49791 2076 1.0
695 13.437871 52.49983 35156 1.0
696 13.349587 52.5327 23678 1.0
697 13.384704 52.520687 560204 0.0
698 13.440342 52.499237 35146 1.0
699 13.245957 52.54462 543790 1.0
700 13.37977 52.465794 608082 1.0
701 13.391935 52.55336 24174 0.0
702 13.407346 52.529263 160266 1.0
703 13.378775 52.552948 168106 1.0
704 13.349825 52.479393 65538 1.0
705 13.212216 52.56108 433328 1.0
706 13.377143 52.55674 798676 1.0
707 13.423472 52.47895 440518 1.0
708 13.431571 52.53507 27946 1.0
709 13.350124 52.533657 7752 1.0
710 13.459977 52.508984 130510 1.0
711 13.463058 52.516747 542458 1.0
712 13.268083 52.536743 279194 1.0
713 13.464032 52.51111 590 1.0
714 13.358093 52.551876 19116 1.0
715 13.264537 52.537354 20926 1.0
716 13.203692 52.54856 141676 1.0
717 13.201568 52.54779 50438 1.0
718 13.3321 52.46375 11200 1.0
719 13.465577 52.5014 209194 1.0
720 13.424591 52.497246 554576 1.0
721 13.502668 52.507847 457710 1.0
722 13.50501 52.50922 36564 1.0
723 13.498858 52.507576 36458 1.0
724 13.50404 52.509525 36520 0.0
725 13.271133 52.534977 22370 1.0
726 13.442787 52.461044 363128 1.0
727 13.503182 52.50671 36478 1.0
728 13.506279 52.510654 295918 1.0
729 13.396847 52.52479 524254 0.0
730 13.42747 52.48486 37688 1.0
731 13.386977 52.552357 30746 1.0
732 13.481821 52.516186 36022 1.0
733 13.420167 52.49654 452818 1.0
734 13.386455 52.552387 434652 1.0
735 13.42685 52.488285 468880 1.0
736 13.471892 52.51517 34622 0.0
737 13.365507 52.552113 711470 1.0
738 13.36185 52.552006 711464 1.0
739 13.4031 52.552982 25128 1.0
740 13.294739 52.50502 8420 0.0
741 13.318316 52.510933 2420 0.0
742 13.36233 52.550884 23144 0.0
743 13.351351 52.5469 22980 1.0
744 13.448038 52.504547 436994 1.0
745 13.435369 52.486103 324606 0.0
746 13.506146 52.493317 604002 1.0
747 13.433417 52.48489 627732 1.0
748 13.435369 52.486103 324606 0.0
749 13.468216 52.50701 478928 1.0
750 13.433417 52.48489 627732 1.0
751 13.353258 52.49104 406402 1.0
752 13.434654 52.48287 627206 1.0
753 13.429075 52.490917 644574 0.673
754 13.428791 52.490227 780618 0.919
755 13.344657 52.488968 330144 1.0
756 13.344922 52.4893 15390 1.0
757 13.425501 52.49327 366 1.0
758 13.429709 52.46024 61664 1.0
759 13.411362 52.548832 274126 1.0
760 13.388263 52.527367 652676 1.0
761 13.519346 52.48481 37072 0.0
762 13.409697 52.547497 30364 1.0
763 13.407604 52.539368 354412 1.0
764 13.307508 52.525723 5942 1.0
765 13.429075 52.490612 644574 0.375
766 13.512068 52.508514 937494 1.0
767 13.297874 52.495213 57470 1.0
768 13.294258 52.50674 303748 1.0
769 13.430723 52.46847 269172 0.0
770 13.376075 52.454887 31832 1.0
771 13.507151 52.493853 676403 0.259
772 13.435911 52.556427 31796 1.0
773 13.52594 52.483223 411928 1.0
774 13.507039 52.493874 676402 1.0
775 13.366568 52.50345 528324 0.0
776 13.394081 52.490326 375798 1.0
777 13.409137 52.504276 691460 1.0
778 13.322125 52.473522 16828 0.0
779 13.416433 52.501667 56526 1.0
780 13.416695 52.502 35458 0.0
781 13.427959 52.488342 627266 1.0
782 13.448297 52.554096 34386 1.0
783 13.428983 52.494804 659518 0.0
784 13.432448 52.48388 324626 1.0
785 13.413894 52.551445 531504 0.0
786 13.366631 52.546623 916764 1.0
787 13.411937 52.55376 513794 1.0
788 13.414671 52.553516 992994 1.0
789 13.487076 52.46557 571244 1.0
790 13.438076 52.482582 520508 1.0
791 13.358963 52.550538 23156 0.5
792 13.414501 52.533096 686258 1.0
793 13.451743 52.50755 675418 1.0
794 13.415176 52.53002 913292 1.0
795 13.391102 52.52542 4672 1.0
796 13.371098 52.55168 23990 1.0
797 13.419685 52.47852 15836 0.0
798 13.42022 52.476818 627542 0.0
799 13.566404 52.57005 458778 1.0
800 13.471108 52.528908 790214 0.0
801 13.306199 52.419308 850124 1.0
802 13.335255 52.46391 464258 1.0
803 13.409697 52.547497 30364 1.0
804 13.529253 52.459885 599504 1.0
805 13.417029 52.54561 377308 1.0
806 13.464471 52.509956 34800 0.0
807 13.579045 52.443714 83508 0.0
808 13.427336 52.478344 104164 1.0
809 13.54389 52.43638 646306 0.0
810 13.497182 52.508205 604096 1.0
811 13.359322 52.53406 863534 1.0
812 13.350023 52.54178 659392 1.0
813 13.470153 52.529077 819267 0.5
814 13.465024 52.5095 130532 0.545
815 13.33274 52.477177 564946 0.066
816 13.328674 52.476498 522566 1.0
817 13.423267 52.54526 30428 0.0
818 13.423179 52.545164 513912 0.855
819 13.362751 52.48896 88732 1.0
820 13.426133 52.548424 650385 0.3
821 13.404976 52.5246 142156 1.0
822 13.68854 52.430313 621332 1.0
823 13.568293 52.57138 551252 0.0
824 13.399437 52.522 143034 1.0
825 13.415894 52.53526 340942 1.0
826 13.415894 52.53526 340942 1.0
827 13.385503 52.53036 582590 1.0
828 13.423301 52.473824 627588 1.0
829 13.423267 52.54526 30428 0.0
830 13.433865 52.481964 573196 1.0
831 13.512122 52.464367 116966 1.0
832 13.455298 52.51814 34552 0.333
833 13.472477 52.508522 116678 1.0
834 13.470663 52.508095 511722 1.0
835 13.415856 52.531742 27874 1.0
836 13.207513 52.539536 177276 1.0
837 13.283811 52.505817 13248 1.0
838 13.287356 52.49575 468492 1.0
839 13.56362 52.57082 458840 1.0
840 13.401572 52.53004 924034 0.0
841 13.343904 52.46714 338802 1.0
842 13.425583 52.489407 560706 1.0
843 13.440342 52.499237 35146 1.0
844 13.442377 52.497227 198872 0.0
845 13.38876 52.522568 645728 0.0
846 13.446479 52.49866 718976 1.0
847 13.454865 52.51377 320574 1.0
848 13.400189 52.52262 276060 1.0
849 13.452455 52.48139 154546 1.0
850 13.345123 52.50656 852816 1.0
851 13.584729 52.422283 819670 1.0
852 13.355404 52.48921 618824 1.0
853 13.392515 52.52515 997590 0.0
854 13.358584 52.534657 4614 1.0
855 13.405832 52.551132 74022 1.0
856 13.270623 52.43852 970116 1.0
857 13.296318 52.498745 14222 1.0
858 13.428734 52.496002 374936 0.0
859 13.454704 52.507397 542398 1.0
860 13.478754 52.55583 46528 0.0
861 13.416807 52.500546 410460 1.0
862 13.430831 52.502407 705252 1.0
863 13.427782 52.49628 468250 0.0
864 13.392699 52.56417 146974 0.0
865 13.427782 52.49628 468250 0.0
866 13.428734 52.496002 374936 0.0
867 13.423955 52.477386 440518 0.0
868 13.393549 52.526226 848958 1.0
869 13.371105 52.558712 23280 1.0
870 13.373336 52.556675 664914 1.0
871 13.395219 52.524406 406304 0.0
872 13.398859 52.52548 466352 0.0
873 13.365591 52.4965 187460 1.0
874 13.426658 52.476376 256668 1.0
875 13.427045 52.475513 256672 1.0
876 13.292003 52.496758 2062 1.0
877 13.283249 52.511112 25994 1.0
878 13.387389 52.52533 934086 1.0
879 13.33715 52.52852 916970 1.0
880 13.33582 52.528564 18190 1.0
881 13.349365 52.494606 79690 1.0
882 13.361453 52.483852 579376 1.0
883 13.426673 52.481026 33772 1.0
884 13.352212 52.496796 16004 1.0
885 13.454663 52.474674 516924 1.0
886 13.442875 52.51143 769048 1.0
887 13.380494 52.49743 799858 1.0
888 13.362204 52.49148 192522 1.0
889 13.402683 52.533478 117558 1.0
890 13.458456 52.50864 553214 1.0
891 13.460756 52.44907 383244 1.0
892 13.342335 52.499165 76338 1.0
893 13.338112 52.528355 113934 0.0
894 13.307686 52.49818 8490 0.0
895 13.352212 52.496796 16004 1.0
896 13.354381 52.49738 983528 1.0
897 13.470588 52.517334 274658 1.0
898 13.326671 52.530956 338482 1.0
899 13.430343 52.485985 627722 1.0
900 13.433417 52.48489 627732 1.0
901 13.40142 52.5361 396994 0.0
902 13.322492 52.497875 983366 1.0
903 13.430587 52.48645 627598 1.0
904 13.322344 52.50369 871708 1.0
905 13.349877 52.5006 87374 1.0
906 13.349877 52.5006 87374 1.0
907 13.450984 52.50489 34744 1.0
908 13.37452 52.507668 122076 0.0
909 13.353693 52.500603 87462 0.0
910 13.434584 52.49058 277750 1.0
911 13.307058 52.49866 9476 1.0
912 13.442583 52.473984 167298 1.0
913 13.287253 52.51679 9886 1.0
914 13.290111 52.518887 96868 1.0
915 13.385395 52.557594 533464 1.0
916 13.45517 52.51011 191542 1.0
917 13.303126 52.52436 24596 1.0
918 13.423597 52.500088 81456 0.0
919 13.31323 52.502224 522408 1.0
920 13.427588 52.484943 265612 1.0
921 13.431986 52.49728 343416 1.0
922 13.313636 52.5042 522330 1.0
923 13.40289 52.48971 419336 1.0
924 13.320343 52.51673 776922 1.0
925 13.442093 52.473927 327812 1.0
926 13.306712 52.49841 9474 1.0
927 13.36899 52.550327 23936 1.0
928 13.402682 52.540817 283688 0.0
929 13.327481 52.504585 885168 1.0
930 13.299793 52.49778 691628 0.97
931 13.550809 52.438896 580176 1.0
932 13.424739 52.47865 981828 0.0
933 13.42599 52.53177 690708 1.0
934 13.424089 52.532536 27880 1.0
935 13.238176 52.54246 132320 0.0
936 13.337022 52.488186 15348 1.0
937 13.317081 52.485832 751832 1.0
938 13.326892 52.49825 8504 1.0
939 13.328774 52.458206 552290 1.0
940 13.38404 52.495174 26936 1.0
941 13.387928 52.493484 486 1.0
942 13.432871 52.49478 13982 1.0
943 13.308236 52.495327 8554 1.0
944 13.344281 52.445923 49734 1.0
945 13.445434 52.499256 104476 0.0
946 13.44696 52.498386 718974 1.0
947 13.438748 52.542355 28376 1.0
948 13.377881 52.466213 275872 1.0
949 13.386389 52.520634 881200 1.0
950 13.426221 52.489464 560702 0.0
951 13.394746 52.49166 455882 1.0
952 13.36185 52.552006 711464 1.0
953 13.563648 52.537117 79700 0.05
954 13.348041 52.494423 23762 1.0
955 13.362644 52.54991 19144 1.0
956 13.347749 52.549053 23892 0.0
957 13.321917 52.46686 753006 1.0
