0	387	390	736	846
1	601	112	147	602
2	166	511	512	903
3	944	943	200
4	86
5
6	262	269
7	8	439	760	143
9	426	10	598	731
11	396	425	125	649
12	474	738	851	638
13	816	419	833	506
14	287
15
16	735	838
17	423	270	76	764
18
19	866	547	22	393
20	395	398	350	414
21	83	278
23	317
24	37	655	840	542
25
26	38	357	141	296
27	909	552	597	577
28
29	130	30
31	261
32	45	124	187	360
33
34
35	497	87	857	945
36
39	106	470
40	397	53	914	892
41	44
42
43	693	680	694	643
46	297	300	510	493
47	50	54	434	791
48	657	688	243	683
49
51	463	820
52	682	299	529
55	835
56
57	60	923	926	911
58	532	843
59
61	605
62	916	946	405	937
63	66	617	206	64
65	227	114	671	84
67
68	586	189	612	263
69	70
71	85	72
73	330	353
74	906	571	787	102
75
77	656	619	620	78
79
80	93
81
82	818	883	239	305
88	90	89	830	92
91	834	283	284	99
94
95	527	245	951	613
96	910	907	996	491
97	498	860	861	494
98
100	891	859	213	469
101	165
103	113	625	991	607
104	422	600	216	441
105	241
107
108
109	908	998	417	420
110
111	837	373	771	819
115	695	218	582	975
116	128	252
117	210
118	465
119	136	988	480
120	970	428
121	335	626	349
122	473	640
123
126
127	418	984
129	226	686	203	854
131
132
133	372	371	173	742
134	564	973	974	800
135	509
137
138	194	637	274
139	142
140	755	743	204	476
144	870	720	733	719
145	925	886
146
148	259
149
150	894	563	893
151
152
153	654	260
154	378	516	377
155	663	960	158	453
156	379
157	244	250	651
159	670	636	697	814
160	829	168
161	254	253
162
163	604	823
164
167	374	812	369
169	382
170	710	394	391
171	525	687
172
174	901
175
176	485
177
178
179
180	786
181	182
183	592
184	185	623	521	477
186
188
190
191	255
192	705	726	517
193	789	912	632	562
195	585
196
197
198	565	578	534	773
199	757
201	936	437	782	827
202
205	629	376	965
207	817
208
209	877	863	503	320
211	681
212
214	248	639	641	642
215
217
219	665	507
220	869
221
222	256
223
224	318
225
228	326	989	545
229	454	676	455	570
230	590	280
231
232	730	727
233	236	691	446	938
234
235	588	457	606	462
237
238
240	610	408
242	421	759	874	981
246
247	808
249
251	722	443	809
257
258	888	774
264
265	266	327	799	268
267
271	272
273
275	276	286
277	802	918	413	953
279	905	646	968	645
281	904	878	917	504
282
285
288	873	301
289	291	292
290
293
294
295
298
302	788	931
303	340	961	956	955
304
306
307
308	399	560
309	879
310
311	358
312
313
314
315
316	848
319	402	522
321	322	618	852	913
323	584	583	939	940
324	728	915	889
325	811	551
328	556	978
329
331
332
333
334
336	505
337
338	341	902	644
339	403
342	856	596	935
343	971
344
345
346
347
348	416	950
351
352
354	836	815	776	468
355	751	752
356	763	896	897	898
359
361	475	526
362	750
363
364
365
366
367	748	368	747
370
375
380
381
383
384	845
385
386	692
388	982
389	557	648	753	661
392	967	406
400
401
404	575	580
407
409
410	448	449	452	668
411
412
415
424	432	993	581
427
429	864
430	723	724
431
433	794	793	467	806
435
436
438	862
440
442	995	928	634
444
445	729	985
447	450	548
451	460	459	461	666
456
458
464
466
471	481
472	754	479	611	932
478
482
483
484
486
487	490
488
489	500	831	690	959
492	721
495	496	850
499	502	684
501	954
508	574	890	976	744
513	999
514	595	949
515
518	622	868
519
520	740	775	561
523
524	778
528	594	749
530
531	737	572	615	631
533
535	537	538	536	667
539	540	986	549
541	880	746
543	810
544
546
550
553
554
555	558
559
566	765	962	979
567
568
569	698	734	972
573	700
576	708
579
587
589
591	672
593
599
603
608
609	871	633
614
616
621	628
624
627	703
630
635	696
647
650
652
653
658
659
660
662
664
669
673	701	702
674	780	777
675	677	958	678	767
679
685
689
699
704
706
707	957	969
709
711
712
713
714
715	920
716	785
717
718
725
732
739
741
745
756
758
761	779
762
766	895
768
769
770
772
781	948
783
784
790
792	942
795
796	882	933
797	798
801
803
804
805
807	875
813
821	825	828
822
824
826
832
839
841
842
844
847
849
853
855
858
865
867	922	919	899	900
872
876
881
884
885
887
921
924
927
929
930
934
941
947
952	966
963
964
977
980
983
987	990
992
994
997
