1	65935	65942	65943	65944	65945	65946	65947	65948	65949
2	294001	293954	293957	295298	295320	295301
3	45000	44999	44977	44972	44987	44986	44970	44985	44912	44875
4	375353	375348	375342	375340	375338	375336	375331	375332	375334
5	188545	188500	188547	188551	188575	188508	188562	188564	188507	188567
6	306770	306575	306771	306418	306613	306419	306420	306421	306465	306489
7	378320	378294	378295	378296	378655	378643	378644	420449	420474	420430
8	26263	26264	26265	26159	26160	26161	26162	26163	26164	20408
9	346199	346206	346198	346342	346273	346802	346789	346827	346852	346813
10	372769	372766	372693	372802	372740	372800	372801	372803
11	73977	73976	73381	73382	73971	72196	72359	72358	72197	72224
12	85266	85267	85434	85268	85433	85269	85435	85270	85657	85515
13	313750	313744	313752	313741	313751	313742	313740	313747	313746	313670
14	360393	360394	360238	360429	360384	360367	360427	360426	360478	360247
15	356988	356901	356926	356989	357001	356953
16	385312	385310	385309	385220	385305	385121	385635	385511	385634	385482
17	126293	126292	126291	123939	123938	123937
18	101356	101348	101295	101352	101294	101355	101287
19	337591	337592	337578	337590	337339	337355
20	110047	110044	110039	109960	109964	110115	109958
21	316382	316383	316376	316425	316422	316513
22	140964	140965	140878	140938	140879	140939	141009	140880	140937	140614
23	367004	366979	366872	366867	366873	366868	366874	366875	366845	366765
24	295488	295552	295489	295550	295621	295622	295638	295623
25	35357	35367	35349	35343	35355	35353	35364	35358	35338
26	350447	350506	350448	350507	350449	350450	350451	350452	350501	350453
27	240143	240144	240145	240146	240136	240163	240142
28	116839	116721	116857	116720	116840	116605	116718	116717	116844	116856
